Run semi-empirical minimization
 &qmmm
    qm_theory='AM1', grms_tol=0.0005,
 scfconv=1.d-10, ndiis_attempts=700,   qmcharge=0,
 /
   6     C       15.0720       10.5550       -1.7980 
   6    C1       16.3650       10.1180       -2.1210 
   6    C2       17.2880        9.8630       -1.1090 
   8     O       18.4510        9.4770       -1.4100 
   7     N       16.9280       10.0430        0.1960 
   6    C3       17.8800        9.7920        1.2780 
   7    N1       15.6910       10.4370        0.5080 
   6    C4       14.7410       10.6900       -0.4320 
   6    C5       13.3890       11.0690        0.0320 
   6    C6       13.0680       12.4240        0.2160 
   6    C7       11.8040       12.7910        0.6870 
   6    C8       10.8570       11.8090        0.9910 
   6    C9       11.1760       10.4580        0.8320 
   6   C10       12.4390       10.0860        0.3610 
   7    N2       14.1330       10.9160       -2.8330 
   6   C11       14.1410       10.3240       -4.1670 
   1     H       16.6330        9.9850       -3.1090 
   1    H1       18.8180        9.4860        0.8640 
   1    H2       17.5020        9.0190        1.9140 
   1    H3       18.0170       10.6870        1.8480 
   1    H4       13.7680       13.1520        0.0030 
   1    H5       11.5700       13.7880        0.8100 
   1    H6        9.9220       12.0820        1.3330 
   1    H7       10.4780        9.7330        1.0630 
   1    H8       12.6750        9.0870        0.2550 
   1    H9       13.4520       11.5970       -2.6290 
   1   H10       14.9330        9.6070       -4.2340 
   1   H11       14.2920       11.0920       -4.8970 
   1   H12       13.2050        9.8390       -4.3480 

