L0  Nsteps           time(ps)         Etot             EKinetic        
L1  Temp             T_solute         T_solv           Pres_scal_solu  
L2  Pres_scal_solv   BoxX             BoxY             BoxZ            
L3  volume           pres_X           pres_Y           pres_Z          
L4  Pressure         EKCoM_x          EKCoM_y          EKCoM_z         
L5  EKComTot         VIRIAL_x         VIRIAL_y         VIRIAL_z        
L6  VIRIAL_tot       E_pot            E_vdw            E_el            
L7  E_hbon           E_bon            E_angle          E_dih           
L8  E_14vdw          E_14el           E_const          E_pol           
L9  AV_permMoment    AV_indMoment     AV_totMoment     Density          dV/dlambda      
L0     1000  0.4000000000E+01  -.2078353798E+05  0.1363499634E+04
L1 0.1222964071E+03  0.1222964071E+03  -.2082762660E+11  0.1000000000E+01
L2 0.1000000000E+01  0.4017604100E+02  0.4377179600E+02  0.4431867800E+02
L3 0.0000000000E+00  0.0000000000E+00  0.0000000000E+00  0.0000000000E+00
L4 0.0000000000E+00  0.0000000000E+00  0.0000000000E+00  0.0000000000E+00
L5 0.0000000000E+00  0.0000000000E+00  0.0000000000E+00  0.0000000000E+00
L6 0.0000000000E+00  -.2214703761E+05  0.3939627779E+04  -.2615744974E+05
L7 0.0000000000E+00  0.2666590493E+01  0.9577666616E+01  0.7146599784E+01
L8 0.9533199865E+01  0.3568751974E+02  0.6172774491E+01  0.0000000000E+00
L9 0.0000000000E+00  0.0000000000E+00  0.0000000000E+00  0.0000000000E+00  0.5935138703E+01
L0     2000  0.8000000000E+01  -.2202544839E+05  0.8479877319E+03
L1 0.7605858505E+02  0.7605858505E+02  -.2205231204E+11  0.1000000000E+01
L2 0.1000000000E+01  0.4017604100E+02  0.4377179600E+02  0.4431867800E+02
L3 0.0000000000E+00  0.0000000000E+00  0.0000000000E+00  0.0000000000E+00
L4 0.0000000000E+00  0.0000000000E+00  0.0000000000E+00  0.0000000000E+00
L5 0.0000000000E+00  0.0000000000E+00  0.0000000000E+00  0.0000000000E+00
L6 0.0000000000E+00  -.2287343612E+05  0.4237035188E+04  -.2717565860E+05
L7 0.0000000000E+00  0.1924970013E+01  0.8071545871E+01  0.7993411791E+01
L8 0.1020621108E+02  0.3501241878E+02  0.1978733905E+01  0.0000000000E+00
L9 0.0000000000E+00  0.0000000000E+00  0.0000000000E+00  0.0000000000E+00  0.1329317418E+02
L0     3000  0.1200000000E+02  -.2209209150E+05  0.8328801880E+03
L1 0.7470354373E+02  0.7470354373E+02  -.2212546937E+11  0.1000000000E+01
L2 0.1000000000E+01  0.4017604100E+02  0.4377179600E+02  0.4431867800E+02
L3 0.0000000000E+00  0.0000000000E+00  0.0000000000E+00  0.0000000000E+00
L4 0.0000000000E+00  0.0000000000E+00  0.0000000000E+00  0.0000000000E+00
L5 0.0000000000E+00  0.0000000000E+00  0.0000000000E+00  0.0000000000E+00
L6 0.0000000000E+00  -.2292497168E+05  0.4266990436E+04  -.2726755141E+05
L7 0.0000000000E+00  0.5284430171E+01  0.7965322686E+01  0.8430082923E+01
L8 0.9145452205E+01  0.3683233861E+02  0.7931662390E+01  0.0000000000E+00
L9 0.0000000000E+00  0.0000000000E+00  0.0000000000E+00  0.0000000000E+00  0.5666670784E+01
L0     4000  0.1600000000E+02  -.2194935921E+05  0.9316735229E+03
L1 0.8356461682E+02  0.8356461682E+02  -.2199407100E+11  0.1000000000E+01
L2 0.1000000000E+01  0.4017604100E+02  0.4377179600E+02  0.4431867800E+02
L3 0.0000000000E+00  0.0000000000E+00  0.0000000000E+00  0.0000000000E+00
L4 0.0000000000E+00  0.0000000000E+00  0.0000000000E+00  0.0000000000E+00
L5 0.0000000000E+00  0.0000000000E+00  0.0000000000E+00  0.0000000000E+00
L6 0.0000000000E+00  -.2288103273E+05  0.4280692020E+04  -.2724918306E+05
L7 0.0000000000E+00  0.5030365273E+01  0.1037536272E+02  0.1113305447E+02
L8 0.1068616142E+02  0.3656742412E+02  0.1366594445E+02  0.0000000000E+00
L9 0.0000000000E+00  0.0000000000E+00  0.0000000000E+00  0.0000000000E+00  -.3611299725E+01
L0     5000  0.2000000000E+02  -.2176555830E+05  0.1009502930E+04
L1 0.9054537176E+02  0.9054537176E+02  -.2181171718E+11  0.1000000000E+01
L2 0.1000000000E+01  0.4017604100E+02  0.4377179600E+02  0.4431867800E+02
L3 0.0000000000E+00  0.0000000000E+00  0.0000000000E+00  0.0000000000E+00
L4 0.0000000000E+00  0.0000000000E+00  0.0000000000E+00  0.0000000000E+00
L5 0.0000000000E+00  0.0000000000E+00  0.0000000000E+00  0.0000000000E+00
L6 0.0000000000E+00  -.2277506123E+05  0.4262578650E+04  -.2712961603E+05
L7 0.0000000000E+00  0.1677343105E+02  0.1367850604E+02  0.1047696477E+02
L8 0.8891269646E+01  0.3431518116E+02  0.7840798510E+01  0.0000000000E+00
L9 0.0000000000E+00  0.0000000000E+00  0.0000000000E+00  0.0000000000E+00  0.2402194697E+01
L0     6000  0.2400000000E+02  -.2159515634E+05  0.1109428101E+04
L1 0.9950796264E+02  0.9950796264E+02  -.2164740536E+11  0.1000000000E+01
L2 0.1000000000E+01  0.4017604100E+02  0.4377179600E+02  0.4431867800E+02
L3 0.0000000000E+00  0.0000000000E+00  0.0000000000E+00  0.0000000000E+00
L4 0.0000000000E+00  0.0000000000E+00  0.0000000000E+00  0.0000000000E+00
L5 0.0000000000E+00  0.0000000000E+00  0.0000000000E+00  0.0000000000E+00
L6 0.0000000000E+00  -.2270458444E+05  0.4168417958E+04  -.2697235867E+05
L7 0.0000000000E+00  0.1434936671E+02  0.1424444267E+02  0.1248247930E+02
L8 0.1052769240E+02  0.3801468395E+02  0.9737613147E+01  0.0000000000E+00
L9 0.0000000000E+00  0.0000000000E+00  0.0000000000E+00  0.0000000000E+00  0.1944439131E+01
L0     7000  0.2800000000E+02  -.2140486050E+05  0.1202148438E+04
L1 0.1078243302E+03  0.1078243302E+03  -.2145368142E+11  0.1000000000E+01
L2 0.1000000000E+01  0.4017604100E+02  0.4377179600E+02  0.4431867800E+02
L3 0.0000000000E+00  0.0000000000E+00  0.0000000000E+00  0.0000000000E+00
L4 0.0000000000E+00  0.0000000000E+00  0.0000000000E+00  0.0000000000E+00
L5 0.0000000000E+00  0.0000000000E+00  0.0000000000E+00  0.0000000000E+00
L6 0.0000000000E+00  -.2260700894E+05  0.4170097015E+04  -.2686766316E+05
L7 0.0000000000E+00  0.1285892214E+02  0.1781215634E+02  0.8745679918E+01
L8 0.9862595403E+01  0.3493164466E+02  0.6346210884E+01  0.0000000000E+00
L9 0.0000000000E+00  0.0000000000E+00  0.0000000000E+00  0.0000000000E+00  0.1002347005E+02
L0     8000  0.3200000000E+02  -.2121515433E+05  0.1332323853E+04
L1 0.1195001569E+03  0.1195001569E+03  -.2126860281E+11  0.1000000000E+01
L2 0.1000000000E+01  0.4017604100E+02  0.4377179600E+02  0.4431867800E+02
L3 0.0000000000E+00  0.0000000000E+00  0.0000000000E+00  0.0000000000E+00
L4 0.0000000000E+00  0.0000000000E+00  0.0000000000E+00  0.0000000000E+00
L5 0.0000000000E+00  0.0000000000E+00  0.0000000000E+00  0.0000000000E+00
L6 0.0000000000E+00  -.2254747818E+05  0.4133006100E+04  -.2677748001E+05
L7 0.0000000000E+00  0.1680695335E+02  0.1690415239E+02  0.9265279388E+01
L8 0.1149451772E+02  0.3679890064E+02  0.5725929733E+01  0.0000000000E+00
L9 0.0000000000E+00  0.0000000000E+00  0.0000000000E+00  0.0000000000E+00  0.7485089985E+01
L0     9000  0.3600000000E+02  -.2100429375E+05  0.1426186035E+04
L1 0.1279189401E+03  0.1279189401E+03  -.2107155388E+11  0.1000000000E+01
L2 0.1000000000E+01  0.4017604100E+02  0.4377179600E+02  0.4431867800E+02
L3 0.0000000000E+00  0.0000000000E+00  0.0000000000E+00  0.0000000000E+00
L4 0.0000000000E+00  0.0000000000E+00  0.0000000000E+00  0.0000000000E+00
L5 0.0000000000E+00  0.0000000000E+00  0.0000000000E+00  0.0000000000E+00
L6 0.0000000000E+00  -.2243047979E+05  0.4166486773E+04  -.2669829849E+05
L7 0.0000000000E+00  0.1802799129E+02  0.1811608381E+02  0.9801265789E+01
L8 0.1017126904E+02  0.3568534338E+02  0.9529973932E+01  0.0000000000E+00
L9 0.0000000000E+00  0.0000000000E+00  0.0000000000E+00  0.0000000000E+00  0.3653613558E+01
L0    10000  0.4000000000E+02  -.2084478694E+05  0.1492360107E+04
L1 0.1338542928E+03  0.1338542928E+03  -.2090802840E+11  0.1000000000E+01
L2 0.1000000000E+01  0.4017604100E+02  0.4377179600E+02  0.4431867800E+02
L3 0.0000000000E+00  0.0000000000E+00  0.0000000000E+00  0.0000000000E+00
L4 0.0000000000E+00  0.0000000000E+00  0.0000000000E+00  0.0000000000E+00
L5 0.0000000000E+00  0.0000000000E+00  0.0000000000E+00  0.0000000000E+00
L6 0.0000000000E+00  -.2233714705E+05  0.4076550878E+04  -.2651841154E+05
L7 0.0000000000E+00  0.1758537448E+02  0.1998751184E+02  0.1244896260E+02
L8 0.1105357526E+02  0.3511717261E+02  0.8521013922E+01  0.0000000000E+00
L9 0.0000000000E+00  0.0000000000E+00  0.0000000000E+00  0.0000000000E+00  0.4143787230E+01
L0    11000  0.4400000000E+02  -.2061718878E+05  0.1579240845E+04
L1 0.1416468890E+03  0.1416468890E+03  -.2068301360E+11  0.1000000000E+01
L2 0.1000000000E+01  0.4017604100E+02  0.4377179600E+02  0.4431867800E+02
L3 0.0000000000E+00  0.0000000000E+00  0.0000000000E+00  0.0000000000E+00
L4 0.0000000000E+00  0.0000000000E+00  0.0000000000E+00  0.0000000000E+00
L5 0.0000000000E+00  0.0000000000E+00  0.0000000000E+00  0.0000000000E+00
L6 0.0000000000E+00  -.2219642962E+05  0.4048913806E+04  -.2634472755E+05
L7 0.0000000000E+00  0.1483060426E+02  0.1838385693E+02  0.1257479069E+02
L8 0.1102631872E+02  0.3396064103E+02  0.8607913298E+01  0.0000000000E+00
L9 0.0000000000E+00  0.0000000000E+00  0.0000000000E+00  0.0000000000E+00  -.2793092954E+01
L0    12000  0.4800000000E+02  -.2044073585E+05  0.1733750488E+04
L1 0.1555053263E+03  0.1555053263E+03  -.2050849818E+11  0.1000000000E+01
L2 0.1000000000E+01  0.4017604100E+02  0.4377179600E+02  0.4431867800E+02
L3 0.0000000000E+00  0.0000000000E+00  0.0000000000E+00  0.0000000000E+00
L4 0.0000000000E+00  0.0000000000E+00  0.0000000000E+00  0.0000000000E+00
L5 0.0000000000E+00  0.0000000000E+00  0.0000000000E+00  0.0000000000E+00
L6 0.0000000000E+00  -.2217448634E+05  0.3916182842E+04  -.2619505313E+05
L7 0.0000000000E+00  0.1735322933E+02  0.2259039941E+02  0.7726531261E+01
L8 0.1253699358E+02  0.3411797705E+02  0.1005881981E+02  0.0000000000E+00
L9 0.0000000000E+00  0.0000000000E+00  0.0000000000E+00  0.0000000000E+00  0.3952683934E+00
L0    13000  0.5200000000E+02  -.2026000095E+05  0.1777329224E+04
L1 0.1594140349E+03  0.1594140349E+03  -.2032702634E+11  0.1000000000E+01
L2 0.1000000000E+01  0.4017604100E+02  0.4377179600E+02  0.4431867800E+02
L3 0.0000000000E+00  0.0000000000E+00  0.0000000000E+00  0.0000000000E+00
L4 0.0000000000E+00  0.0000000000E+00  0.0000000000E+00  0.0000000000E+00
L5 0.0000000000E+00  0.0000000000E+00  0.0000000000E+00  0.0000000000E+00
L6 0.0000000000E+00  -.2203733017E+05  0.3962311839E+04  -.2609843141E+05
L7 0.0000000000E+00  0.1367816703E+02  0.1708097899E+02  0.1684205734E+02
L8 0.1102798476E+02  0.3574861735E+02  0.4411594369E+01  0.0000000000E+00
L9 0.0000000000E+00  0.0000000000E+00  0.0000000000E+00  0.0000000000E+00  -.4356683812E+00
L0    14000  0.5600000000E+02  -.2003556608E+05  0.1869926270E+04
L1 0.1677193441E+03  0.1677193441E+03  -.2010434343E+11  0.1000000000E+01
L2 0.1000000000E+01  0.4017604100E+02  0.4377179600E+02  0.4431867800E+02
L3 0.0000000000E+00  0.0000000000E+00  0.0000000000E+00  0.0000000000E+00
L4 0.0000000000E+00  0.0000000000E+00  0.0000000000E+00  0.0000000000E+00
L5 0.0000000000E+00  0.0000000000E+00  0.0000000000E+00  0.0000000000E+00
L6 0.0000000000E+00  -.2190549235E+05  0.3893356656E+04  -.2590536614E+05
L7 0.0000000000E+00  0.2162806632E+02  0.2406690978E+02  0.1155450349E+02
L8 0.9296716083E+01  0.3712326257E+02  0.2847674626E+01  0.0000000000E+00
L9 0.0000000000E+00  0.0000000000E+00  0.0000000000E+00  0.0000000000E+00  0.2695699749E+01
L0    15000  0.6000000000E+02  -.1984621842E+05  0.1921195679E+04
L1 0.1723178525E+03  0.1723178525E+03  -.1991770633E+11  0.1000000000E+01
L2 0.1000000000E+01  0.4017604100E+02  0.4377179600E+02  0.4431867800E+02
L3 0.0000000000E+00  0.0000000000E+00  0.0000000000E+00  0.0000000000E+00
L4 0.0000000000E+00  0.0000000000E+00  0.0000000000E+00  0.0000000000E+00
L5 0.0000000000E+00  0.0000000000E+00  0.0000000000E+00  0.0000000000E+00
L6 0.0000000000E+00  -.2176741410E+05  0.3980837627E+04  -.2585409554E+05
L7 0.0000000000E+00  0.1282768540E+02  0.2467692802E+02  0.1379366553E+02
L8 0.8986207351E+01  0.3863995646E+02  0.6919369127E+01  0.0000000000E+00
L9 0.0000000000E+00  0.0000000000E+00  0.0000000000E+00  0.0000000000E+00  -.5956402364E+01
L0    16000  0.6400000000E+02  -.1962057598E+05  0.2062684814E+04
L1 0.1850084411E+03  0.1850084411E+03  -.1969510967E+11  0.1000000000E+01
L2 0.1000000000E+01  0.4017604100E+02  0.4377179600E+02  0.4431867800E+02
L3 0.0000000000E+00  0.0000000000E+00  0.0000000000E+00  0.0000000000E+00
L4 0.0000000000E+00  0.0000000000E+00  0.0000000000E+00  0.0000000000E+00
L5 0.0000000000E+00  0.0000000000E+00  0.0000000000E+00  0.0000000000E+00
L6 0.0000000000E+00  -.2168326079E+05  0.3798446715E+04  -.2558585093E+05
L7 0.0000000000E+00  0.8359422582E+01  0.2777004902E+02  0.1000248040E+02
L8 0.1241581396E+02  0.3777826480E+02  0.7817386455E+01  0.0000000000E+00
L9 0.0000000000E+00  0.0000000000E+00  0.0000000000E+00  0.0000000000E+00  0.5059764143E+01
L0    17000  0.6800000000E+02  -.1941774345E+05  0.2135752441E+04
L1 0.1915620976E+03  0.1915620976E+03  -.1950202959E+11  0.1000000000E+01
L2 0.1000000000E+01  0.4017604100E+02  0.4377179600E+02  0.4431867800E+02
L3 0.0000000000E+00  0.0000000000E+00  0.0000000000E+00  0.0000000000E+00
L4 0.0000000000E+00  0.0000000000E+00  0.0000000000E+00  0.0000000000E+00
L5 0.0000000000E+00  0.0000000000E+00  0.0000000000E+00  0.0000000000E+00
L6 0.0000000000E+00  -.2155349589E+05  0.3745580871E+04  -.2540139666E+05
L7 0.0000000000E+00  0.8073260120E+01  0.1524448864E+02  0.1315662607E+02
L8 0.1097516127E+02  0.3762998906E+02  0.1724037274E+02  0.0000000000E+00
L9 0.0000000000E+00  0.0000000000E+00  0.0000000000E+00  0.0000000000E+00  -.7636963736E+01
L0    18000  0.7200000000E+02  -.1912662313E+05  0.2212280029E+04
L1 0.1984260885E+03  0.1984260885E+03  -.1922372249E+11  0.1000000000E+01
L2 0.1000000000E+01  0.4017604100E+02  0.4377179600E+02  0.4431867800E+02
L3 0.0000000000E+00  0.0000000000E+00  0.0000000000E+00  0.0000000000E+00
L4 0.0000000000E+00  0.0000000000E+00  0.0000000000E+00  0.0000000000E+00
L5 0.0000000000E+00  0.0000000000E+00  0.0000000000E+00  0.0000000000E+00
L6 0.0000000000E+00  -.2133890315E+05  0.3713505710E+04  -.2518321283E+05
L7 0.0000000000E+00  0.2548744831E+02  0.3747086758E+02  0.1137262345E+02
L8 0.9418172364E+01  0.3639026038E+02  0.1066459573E+02  0.0000000000E+00
L9 0.0000000000E+00  0.0000000000E+00  0.0000000000E+00  0.0000000000E+00  -.5054549827E+01
L0    19000  0.7600000000E+02  -.1889145940E+05  0.2304163818E+04
L1 0.2066674235E+03  0.2066674235E+03  -.1897996257E+11  0.1000000000E+01
L2 0.1000000000E+01  0.4017604100E+02  0.4377179600E+02  0.4431867800E+02
L3 0.0000000000E+00  0.0000000000E+00  0.0000000000E+00  0.0000000000E+00
L4 0.0000000000E+00  0.0000000000E+00  0.0000000000E+00  0.0000000000E+00
L5 0.0000000000E+00  0.0000000000E+00  0.0000000000E+00  0.0000000000E+00
L6 0.0000000000E+00  -.2119562322E+05  0.3450820236E+04  -.2476317639E+05
L7 0.0000000000E+00  0.2325061972E+02  0.2418413601E+02  0.1227605228E+02
L8 0.1205595065E+02  0.3649599442E+02  0.8470184874E+01  0.0000000000E+00
L9 0.0000000000E+00  0.0000000000E+00  0.0000000000E+00  0.0000000000E+00  0.6823629581E+01
L0    20000  0.8000000000E+02  -.1862353067E+05  0.2363326660E+04
L1 0.2119739178E+03  0.2119739178E+03  -.1870761538E+11  0.1000000000E+01
L2 0.1000000000E+01  0.4017604100E+02  0.4377179600E+02  0.4431867800E+02
L3 0.0000000000E+00  0.0000000000E+00  0.0000000000E+00  0.0000000000E+00
L4 0.0000000000E+00  0.0000000000E+00  0.0000000000E+00  0.0000000000E+00
L5 0.0000000000E+00  0.0000000000E+00  0.0000000000E+00  0.0000000000E+00
L6 0.0000000000E+00  -.2098685733E+05  0.3595093299E+04  -.2468586458E+05
L7 0.0000000000E+00  0.1815142867E+02  0.2196735935E+02  0.1263081403E+02
L8 0.9507332959E+01  0.3483359552E+02  0.6823423130E+01  0.0000000000E+00
L9 0.0000000000E+00  0.0000000000E+00  0.0000000000E+00  0.0000000000E+00  0.9849241561E+01
L0    21000  0.8400000000E+02  -.1833633768E+05  0.2468690674E+04
L1 0.2214243349E+03  0.2214243349E+03  -.1845339042E+11  0.1000000000E+01
L2 0.1000000000E+01  0.4017604100E+02  0.4377179600E+02  0.4431867800E+02
L3 0.0000000000E+00  0.0000000000E+00  0.0000000000E+00  0.0000000000E+00
L4 0.0000000000E+00  0.0000000000E+00  0.0000000000E+00  0.0000000000E+00
L5 0.0000000000E+00  0.0000000000E+00  0.0000000000E+00  0.0000000000E+00
L6 0.0000000000E+00  -.2080502836E+05  0.3478753917E+04  -.2442346859E+05
L7 0.0000000000E+00  0.3462200975E+02  0.2461273535E+02  0.1558393022E+02
L8 0.9110143235E+01  0.3533399058E+02  0.2042350968E+02  0.0000000000E+00
L9 0.0000000000E+00  0.0000000000E+00  0.0000000000E+00  0.0000000000E+00  -.8665199520E+01
L0    22000  0.8800000000E+02  -.1799710095E+05  0.2602445557E+04
L1 0.2334212150E+03  0.2334212150E+03  -.1809863317E+11  0.1000000000E+01
L2 0.1000000000E+01  0.4017604100E+02  0.4377179600E+02  0.4431867800E+02
L3 0.0000000000E+00  0.0000000000E+00  0.0000000000E+00  0.0000000000E+00
L4 0.0000000000E+00  0.0000000000E+00  0.0000000000E+00  0.0000000000E+00
L5 0.0000000000E+00  0.0000000000E+00  0.0000000000E+00  0.0000000000E+00
L6 0.0000000000E+00  -.2059954650E+05  0.3352391505E+04  -.2408918141E+05
L7 0.0000000000E+00  0.1601324357E+02  0.3087401735E+02  0.2221744626E+02
L8 0.1092277031E+02  0.3398088846E+02  0.2323503641E+02  0.0000000000E+00
L9 0.0000000000E+00  0.0000000000E+00  0.0000000000E+00  0.0000000000E+00  -.2137406713E+02
L0    23000  0.9200000000E+02  -.1770643359E+05  0.2709348877E+04
L1 0.2430096972E+03  0.2430096972E+03  -.1779407959E+11  0.1000000000E+01
L2 0.1000000000E+01  0.4017604100E+02  0.4377179600E+02  0.4431867800E+02
L3 0.0000000000E+00  0.0000000000E+00  0.0000000000E+00  0.0000000000E+00
L4 0.0000000000E+00  0.0000000000E+00  0.0000000000E+00  0.0000000000E+00
L5 0.0000000000E+00  0.0000000000E+00  0.0000000000E+00  0.0000000000E+00
L6 0.0000000000E+00  -.2041578247E+05  0.3384039019E+04  -.2390593589E+05
L7 0.0000000000E+00  0.1238189857E+02  0.2784704206E+02  0.1197322853E+02
L8 0.1136395876E+02  0.3617117328E+02  0.6377099982E+01  0.0000000000E+00
L9 0.0000000000E+00  0.0000000000E+00  0.0000000000E+00  0.0000000000E+00  0.5149557501E+01
L0    24000  0.9600000000E+02  -.1738166030E+05  0.2751882324E+04
L1 0.2468246508E+03  0.2468246508E+03  -.1747672671E+11  0.1000000000E+01
L2 0.1000000000E+01  0.4017604100E+02  0.4377179600E+02  0.4431867800E+02
L3 0.0000000000E+00  0.0000000000E+00  0.0000000000E+00  0.0000000000E+00
L4 0.0000000000E+00  0.0000000000E+00  0.0000000000E+00  0.0000000000E+00
L5 0.0000000000E+00  0.0000000000E+00  0.0000000000E+00  0.0000000000E+00
L6 0.0000000000E+00  -.2013354263E+05  0.3239001450E+04  -.2348120455E+05
L7 0.0000000000E+00  0.8415321441E+01  0.2371941384E+02  0.1277793732E+02
L8 0.1076115104E+02  0.3824321155E+02  0.1474343878E+02  0.0000000000E+00
L9 0.0000000000E+00  0.0000000000E+00  0.0000000000E+00  0.0000000000E+00  -.6010969197E+01
L0    25000  0.1000000000E+03  -.1707280679E+05  0.2897656738E+04
L1 0.2598995990E+03  0.2598995990E+03  -.1716192105E+11  0.1000000000E+01
L2 0.1000000000E+01  0.4017604100E+02  0.4377179600E+02  0.4431867800E+02
L3 0.0000000000E+00  0.0000000000E+00  0.0000000000E+00  0.0000000000E+00
L4 0.0000000000E+00  0.0000000000E+00  0.0000000000E+00  0.0000000000E+00
L5 0.0000000000E+00  0.0000000000E+00  0.0000000000E+00  0.0000000000E+00
L6 0.0000000000E+00  -.1997046353E+05  0.3191992305E+04  -.2326021862E+05
L7 0.0000000000E+00  0.1184046262E+02  0.1864184288E+02  0.1304596872E+02
L8 0.9274332802E+01  0.3459489276E+02  0.1036528250E+02  0.0000000000E+00
L9 0.0000000000E+00  0.0000000000E+00  0.0000000000E+00  0.0000000000E+00  -.6366481426E+01
L0    26000  0.1040000000E+03  -.1673003825E+05  0.2917473145E+04
L1 0.2616769924E+03  0.2616769924E+03  -.1681855144E+11  0.1000000000E+01
L2 0.1000000000E+01  0.4017604100E+02  0.4377179600E+02  0.4431867800E+02
L3 0.0000000000E+00  0.0000000000E+00  0.0000000000E+00  0.0000000000E+00
L4 0.0000000000E+00  0.0000000000E+00  0.0000000000E+00  0.0000000000E+00
L5 0.0000000000E+00  0.0000000000E+00  0.0000000000E+00  0.0000000000E+00
L6 0.0000000000E+00  -.1964751140E+05  0.3019779161E+04  -.2276309723E+05
L7 0.0000000000E+00  0.7226044347E+01  0.2177342533E+02  0.1101203950E+02
L8 0.1135175386E+02  0.3655933434E+02  0.7884073049E+01  0.0000000000E+00
L9 0.0000000000E+00  0.0000000000E+00  0.0000000000E+00  0.0000000000E+00  0.3957306029E+01
L0    27000  0.1080000000E+03  -.1638629045E+05  0.2981332031E+04
L1 0.2674046891E+03  0.2674046891E+03  -.1648664714E+11  0.1000000000E+01
L2 0.1000000000E+01  0.4017604100E+02  0.4377179600E+02  0.4431867800E+02
L3 0.0000000000E+00  0.0000000000E+00  0.0000000000E+00  0.0000000000E+00
L4 0.0000000000E+00  0.0000000000E+00  0.0000000000E+00  0.0000000000E+00
L5 0.0000000000E+00  0.0000000000E+00  0.0000000000E+00  0.0000000000E+00
L6 0.0000000000E+00  -.1936762248E+05  0.2889250220E+04  -.2236208343E+05
L7 0.0000000000E+00  0.1177526340E+02  0.2137752718E+02  0.1215461090E+02
L8 0.1023349280E+02  0.3772463467E+02  0.1194519847E+02  0.0000000000E+00
L9 0.0000000000E+00  0.0000000000E+00  0.0000000000E+00  0.0000000000E+00  -.7152902941E+01
L0    28000  0.1120000000E+03  -.1605794386E+05  0.3097746582E+04
L1 0.2778462624E+03  0.2778462624E+03  -.1615181032E+11  0.1000000000E+01
L2 0.1000000000E+01  0.4017604100E+02  0.4377179600E+02  0.4431867800E+02
L3 0.0000000000E+00  0.0000000000E+00  0.0000000000E+00  0.0000000000E+00
L4 0.0000000000E+00  0.0000000000E+00  0.0000000000E+00  0.0000000000E+00
L5 0.0000000000E+00  0.0000000000E+00  0.0000000000E+00  0.0000000000E+00
L6 0.0000000000E+00  -.1915569045E+05  0.2899454181E+04  -.2215996769E+05
L7 0.0000000000E+00  0.1310979795E+02  0.2185743534E+02  0.1607182557E+02
L8 0.1144962918E+02  0.3524156590E+02  0.7092803610E+01  0.0000000000E+00
L9 0.0000000000E+00  0.0000000000E+00  0.0000000000E+00  0.0000000000E+00  -.4437110492E+00
L0    29000  0.1160000000E+03  -.1574134548E+05  0.3201541504E+04
L1 0.2871559429E+03  0.2871559429E+03  -.1584028811E+11  0.1000000000E+01
L2 0.1000000000E+01  0.4017604100E+02  0.4377179600E+02  0.4431867800E+02
L3 0.0000000000E+00  0.0000000000E+00  0.0000000000E+00  0.0000000000E+00
L4 0.0000000000E+00  0.0000000000E+00  0.0000000000E+00  0.0000000000E+00
L5 0.0000000000E+00  0.0000000000E+00  0.0000000000E+00  0.0000000000E+00
L6 0.0000000000E+00  -.1894288698E+05  0.2813770709E+04  -.2186406210E+05
L7 0.0000000000E+00  0.1464013130E+02  0.2491505988E+02  0.1278199296E+02
L8 0.1245659175E+02  0.3613721538E+02  0.6473418811E+01  0.0000000000E+00
L9 0.0000000000E+00  0.0000000000E+00  0.0000000000E+00  0.0000000000E+00  -.1835316497E+01
L0    30000  0.1200000000E+03  -.1545093459E+05  0.3337945801E+04
L1 0.2993904570E+03  0.2993904570E+03  -.1554376320E+11  0.1000000000E+01
L2 0.1000000000E+01  0.4017604100E+02  0.4377179600E+02  0.4431867800E+02
L3 0.0000000000E+00  0.0000000000E+00  0.0000000000E+00  0.0000000000E+00
L4 0.0000000000E+00  0.0000000000E+00  0.0000000000E+00  0.0000000000E+00
L5 0.0000000000E+00  0.0000000000E+00  0.0000000000E+00  0.0000000000E+00
L6 0.0000000000E+00  -.1878888039E+05  0.2705670873E+04  -.2160356179E+05
L7 0.0000000000E+00  0.1134897667E+02  0.1860929376E+02  0.1706604717E+02
L8 0.8689294194E+01  0.3510937702E+02  0.1818753895E+02  0.0000000000E+00
L9 0.0000000000E+00  0.0000000000E+00  0.0000000000E+00  0.0000000000E+00  -.1758823540E+02
L0    31000  0.1240000000E+03  -.1532881933E+05  0.3329220215E+04
L1 0.2986078328E+03  0.2986078328E+03  -.1541716430E+11  0.1000000000E+01
L2 0.1000000000E+01  0.4017604100E+02  0.4377179600E+02  0.4431867800E+02
L3 0.0000000000E+00  0.0000000000E+00  0.0000000000E+00  0.0000000000E+00
L4 0.0000000000E+00  0.0000000000E+00  0.0000000000E+00  0.0000000000E+00
L5 0.0000000000E+00  0.0000000000E+00  0.0000000000E+00  0.0000000000E+00
L6 0.0000000000E+00  -.1865803955E+05  0.2648048032E+04  -.2139493389E+05
L7 0.0000000000E+00  0.1083453447E+02  0.1234011561E+02  0.1401238324E+02
L8 0.9915473725E+01  0.3574770155E+02  0.5996100155E+01  0.0000000000E+00
L9 0.0000000000E+00  0.0000000000E+00  0.0000000000E+00  0.0000000000E+00  0.4058765161E+00
L0    32000  0.1280000000E+03  -.1524527300E+05  0.3334051025E+04
L1 0.2990411228E+03  0.2990411228E+03  -.1533947149E+11  0.1000000000E+01
L2 0.1000000000E+01  0.4017604100E+02  0.4377179600E+02  0.4431867800E+02
L3 0.0000000000E+00  0.0000000000E+00  0.0000000000E+00  0.0000000000E+00
L4 0.0000000000E+00  0.0000000000E+00  0.0000000000E+00  0.0000000000E+00
L5 0.0000000000E+00  0.0000000000E+00  0.0000000000E+00  0.0000000000E+00
L6 0.0000000000E+00  -.1857932403E+05  0.2637725846E+04  -.2131093652E+05
L7 0.0000000000E+00  0.1069636428E+02  0.1896992481E+02  0.1248811678E+02
L8 0.9821176257E+01  0.3462130868E+02  0.7289749674E+01  0.0000000000E+00
L9 0.0000000000E+00  0.0000000000E+00  0.0000000000E+00  0.0000000000E+00  0.7267970188E+00
L0    33000  0.1320000000E+03  -.1523541335E+05  0.3392834473E+04
L1 0.3043135880E+03  0.3043135880E+03  -.1532922829E+11  0.1000000000E+01
L2 0.1000000000E+01  0.4017604100E+02  0.4377179600E+02  0.4431867800E+02
L3 0.0000000000E+00  0.0000000000E+00  0.0000000000E+00  0.0000000000E+00
L4 0.0000000000E+00  0.0000000000E+00  0.0000000000E+00  0.0000000000E+00
L5 0.0000000000E+00  0.0000000000E+00  0.0000000000E+00  0.0000000000E+00
L6 0.0000000000E+00  -.1862824783E+05  0.2645013012E+04  -.2136548167E+05
L7 0.0000000000E+00  0.1119945627E+02  0.1446236387E+02  0.1414045137E+02
L8 0.9585625612E+01  0.3863227737E+02  0.4200657476E+01  0.0000000000E+00
L9 0.0000000000E+00  0.0000000000E+00  0.0000000000E+00  0.0000000000E+00  0.7052029205E+01
L0    34000  0.1360000000E+03  -.1523985126E+05  0.3350326904E+04
L1 0.3005009556E+03  0.3005009556E+03  -.1533881512E+11  0.1000000000E+01
L2 0.1000000000E+01  0.4017604100E+02  0.4377179600E+02  0.4431867800E+02
L3 0.0000000000E+00  0.0000000000E+00  0.0000000000E+00  0.0000000000E+00
L4 0.0000000000E+00  0.0000000000E+00  0.0000000000E+00  0.0000000000E+00
L5 0.0000000000E+00  0.0000000000E+00  0.0000000000E+00  0.0000000000E+00
L6 0.0000000000E+00  -.1859017816E+05  0.2591646822E+04  -.2128200413E+05
L7 0.0000000000E+00  0.1575276654E+02  0.2478051187E+02  0.7326908301E+01
L8 0.9346713896E+01  0.3553377330E+02  0.7438473597E+01  0.0000000000E+00
L9 0.0000000000E+00  0.0000000000E+00  0.0000000000E+00  0.0000000000E+00  0.8034584910E+00
L0    35000  0.1400000000E+03  -.1522286000E+05  0.3385796143E+04
L1 0.3036822989E+03  0.3036822989E+03  -.1532222108E+11  0.1000000000E+01
L2 0.1000000000E+01  0.4017604100E+02  0.4377179600E+02  0.4431867800E+02
L3 0.0000000000E+00  0.0000000000E+00  0.0000000000E+00  0.0000000000E+00
L4 0.0000000000E+00  0.0000000000E+00  0.0000000000E+00  0.0000000000E+00
L5 0.0000000000E+00  0.0000000000E+00  0.0000000000E+00  0.0000000000E+00
L6 0.0000000000E+00  -.1860865614E+05  0.2656889020E+04  -.2136978887E+05
L7 0.0000000000E+00  0.1236010160E+02  0.2606987104E+02  0.1331648550E+02
L8 0.9270845631E+01  0.3676196825E+02  0.6464443157E+01  0.0000000000E+00
L9 0.0000000000E+00  0.0000000000E+00  0.0000000000E+00  0.0000000000E+00  -.5722186176E+01
L0    36000  0.1440000000E+03  -.1524517107E+05  0.3440890137E+04
L1 0.3086238459E+03  0.3086238459E+03  -.1535153289E+11  0.1000000000E+01
L2 0.1000000000E+01  0.4017604100E+02  0.4377179600E+02  0.4431867800E+02
L3 0.0000000000E+00  0.0000000000E+00  0.0000000000E+00  0.0000000000E+00
L4 0.0000000000E+00  0.0000000000E+00  0.0000000000E+00  0.0000000000E+00
L5 0.0000000000E+00  0.0000000000E+00  0.0000000000E+00  0.0000000000E+00
L6 0.0000000000E+00  -.1868606121E+05  0.2734292805E+04  -.2155102653E+05
L7 0.0000000000E+00  0.2209072393E+02  0.2327049193E+02  0.2529635544E+02
L8 0.1153198308E+02  0.3640781346E+02  0.1207514544E+02  0.0000000000E+00
L9 0.0000000000E+00  0.0000000000E+00  0.0000000000E+00  0.0000000000E+00  0.4609824129E+01
L0    37000  0.1480000000E+03  -.1520040430E+05  0.3396239258E+04
L1 0.3046189735E+03  0.3046189735E+03  -.1531041431E+11  0.1000000000E+01
L2 0.1000000000E+01  0.4017604100E+02  0.4377179600E+02  0.4431867800E+02
L3 0.0000000000E+00  0.0000000000E+00  0.0000000000E+00  0.0000000000E+00
L4 0.0000000000E+00  0.0000000000E+00  0.0000000000E+00  0.0000000000E+00
L5 0.0000000000E+00  0.0000000000E+00  0.0000000000E+00  0.0000000000E+00
L6 0.0000000000E+00  -.1859664355E+05  0.2621870817E+04  -.2134209062E+05
L7 0.0000000000E+00  0.1769545269E+02  0.4146865406E+02  0.1340642393E+02
L8 0.1070664418E+02  0.3351271324E+02  0.6786357662E+01  0.0000000000E+00
L9 0.0000000000E+00  0.0000000000E+00  0.0000000000E+00  0.0000000000E+00  -.3712100886E+01
L0    38000  0.1520000000E+03  -.1514817280E+05  0.3458409668E+04
L1 0.3101952257E+03  0.3101952257E+03  -.1525895185E+11  0.1000000000E+01
L2 0.1000000000E+01  0.4017604100E+02  0.4377179600E+02  0.4431867800E+02
L3 0.0000000000E+00  0.0000000000E+00  0.0000000000E+00  0.0000000000E+00
L4 0.0000000000E+00  0.0000000000E+00  0.0000000000E+00  0.0000000000E+00
L5 0.0000000000E+00  0.0000000000E+00  0.0000000000E+00  0.0000000000E+00
L6 0.0000000000E+00  -.1860658247E+05  0.2674548453E+04  -.2141537238E+05
L7 0.0000000000E+00  0.2592069459E+02  0.4052355138E+02  0.1285232082E+02
L8 0.1008201022E+02  0.3521489051E+02  0.9647991835E+01  0.0000000000E+00
L9 0.0000000000E+00  0.0000000000E+00  0.0000000000E+00  0.0000000000E+00  0.5079734422E+01
L0    39000  0.1560000000E+03  -.1514822135E+05  0.3489215820E+04
L1 0.3129583227E+03  0.3129583227E+03  -.1525364250E+11  0.1000000000E+01
L2 0.1000000000E+01  0.4017604100E+02  0.4377179600E+02  0.4431867800E+02
L3 0.0000000000E+00  0.0000000000E+00  0.0000000000E+00  0.0000000000E+00
L4 0.0000000000E+00  0.0000000000E+00  0.0000000000E+00  0.0000000000E+00
L5 0.0000000000E+00  0.0000000000E+00  0.0000000000E+00  0.0000000000E+00
L6 0.0000000000E+00  -.1863743717E+05  0.2772923229E+04  -.2154685452E+05
L7 0.0000000000E+00  0.2366118928E+02  0.3154849324E+02  0.2118492967E+02
L8 0.1114269998E+02  0.3859575589E+02  0.1036105002E+02  0.0000000000E+00
L9 0.0000000000E+00  0.0000000000E+00  0.0000000000E+00  0.0000000000E+00  -.1319092483E+02
L0    40000  0.1600000000E+03  -.1527084881E+05  0.3439171387E+04
L1 0.3084696860E+03  0.3084696860E+03  -.1537554998E+11  0.1000000000E+01
L2 0.1000000000E+01  0.4017604100E+02  0.4377179600E+02  0.4431867800E+02
L3 0.0000000000E+00  0.0000000000E+00  0.0000000000E+00  0.0000000000E+00
L4 0.0000000000E+00  0.0000000000E+00  0.0000000000E+00  0.0000000000E+00
L5 0.0000000000E+00  0.0000000000E+00  0.0000000000E+00  0.0000000000E+00
L6 0.0000000000E+00  -.1871002020E+05  0.2737872122E+04  -.2157210995E+05
L7 0.0000000000E+00  0.1431517777E+02  0.4033353581E+02  0.1815387265E+02
L8 0.8714177545E+01  0.3446314734E+02  0.8237725347E+01  0.0000000000E+00
L9 0.0000000000E+00  0.0000000000E+00  0.0000000000E+00  0.0000000000E+00  0.5052873207E+01
L0    41000  0.1640000000E+03  -.1526473187E+05  0.3400439697E+04
L1 0.3049957236E+03  0.3049957236E+03  -.1536244598E+11  0.1000000000E+01
L2 0.1000000000E+01  0.4017604100E+02  0.4377179600E+02  0.4431867800E+02
L3 0.0000000000E+00  0.0000000000E+00  0.0000000000E+00  0.0000000000E+00
L4 0.0000000000E+00  0.0000000000E+00  0.0000000000E+00  0.0000000000E+00
L5 0.0000000000E+00  0.0000000000E+00  0.0000000000E+00  0.0000000000E+00
L6 0.0000000000E+00  -.1866517157E+05  0.2770679024E+04  -.2153425213E+05
L7 0.0000000000E+00  0.1004199339E+02  0.2202226354E+02  0.7682951580E+01
L8 0.1093528656E+02  0.3839070163E+02  0.9328340433E+01  0.0000000000E+00
L9 0.0000000000E+00  0.0000000000E+00  0.0000000000E+00  0.0000000000E+00  -.2006828214E+02
L0    42000  0.1680000000E+03  -.1524061745E+05  0.3393373047E+04
L1 0.3043618944E+03  0.3043618944E+03  -.1533662746E+11  0.1000000000E+01
L2 0.1000000000E+01  0.4017604100E+02  0.4377179600E+02  0.4431867800E+02
L3 0.0000000000E+00  0.0000000000E+00  0.0000000000E+00  0.0000000000E+00
L4 0.0000000000E+00  0.0000000000E+00  0.0000000000E+00  0.0000000000E+00
L5 0.0000000000E+00  0.0000000000E+00  0.0000000000E+00  0.0000000000E+00
L6 0.0000000000E+00  -.1863399049E+05  0.2624630879E+04  -.2136507468E+05
L7 0.0000000000E+00  0.9717281772E+01  0.2999509987E+02  0.1348336438E+02
L8 0.9946870942E+01  0.3473539678E+02  0.8575293723E+01  0.0000000000E+00
L9 0.0000000000E+00  0.0000000000E+00  0.0000000000E+00  0.0000000000E+00  -.5278689874E+00
L0    43000  0.1720000000E+03  -.1523871352E+05  0.3407399902E+04
L1 0.3056200055E+03  0.3056200055E+03  -.1533836415E+11  0.1000000000E+01
L2 0.1000000000E+01  0.4017604100E+02  0.4377179600E+02  0.4431867800E+02
L3 0.0000000000E+00  0.0000000000E+00  0.0000000000E+00  0.0000000000E+00
L4 0.0000000000E+00  0.0000000000E+00  0.0000000000E+00  0.0000000000E+00
L5 0.0000000000E+00  0.0000000000E+00  0.0000000000E+00  0.0000000000E+00
L6 0.0000000000E+00  -.1864611342E+05  0.2739525591E+04  -.2148600867E+05
L7 0.0000000000E+00  0.8316254123E+01  0.1693991845E+02  0.1379212493E+02
L8 0.1148218017E+02  0.3738133202E+02  0.1245785287E+02  0.0000000000E+00
L9 0.0000000000E+00  0.0000000000E+00  0.0000000000E+00  0.0000000000E+00  -.8556142972E+01
L0    44000  0.1760000000E+03  -.1521879024E+05  0.3491673584E+04
L1 0.3131787669E+03  0.3131787669E+03  -.1531394527E+11  0.1000000000E+01
L2 0.1000000000E+01  0.4017604100E+02  0.4377179600E+02  0.4431867800E+02
L3 0.0000000000E+00  0.0000000000E+00  0.0000000000E+00  0.0000000000E+00
L4 0.0000000000E+00  0.0000000000E+00  0.0000000000E+00  0.0000000000E+00
L5 0.0000000000E+00  0.0000000000E+00  0.0000000000E+00  0.0000000000E+00
L6 0.0000000000E+00  -.1871046383E+05  0.2684437372E+04  -.2149639761E+05
L7 0.0000000000E+00  0.1182237262E+02  0.2804540071E+02  0.1475319215E+02
L8 0.1210911172E+02  0.3293629608E+02  0.1830037642E+01  0.0000000000E+00
L9 0.0000000000E+00  0.0000000000E+00  0.0000000000E+00  0.0000000000E+00  0.5150268498E+01
L0    45000  0.1800000000E+03  -.1521577451E+05  0.3374591064E+04
L1 0.3026772815E+03  0.3026772815E+03  -.1531926206E+11  0.1000000000E+01
L2 0.1000000000E+01  0.4017604100E+02  0.4377179600E+02  0.4431867800E+02
L3 0.0000000000E+00  0.0000000000E+00  0.0000000000E+00  0.0000000000E+00
L4 0.0000000000E+00  0.0000000000E+00  0.0000000000E+00  0.0000000000E+00
L5 0.0000000000E+00  0.0000000000E+00  0.0000000000E+00  0.0000000000E+00
L6 0.0000000000E+00  -.1859036558E+05  0.2627181020E+04  -.2133717166E+05
L7 0.0000000000E+00  0.2210443918E+02  0.2758184300E+02  0.1673625524E+02
L8 0.1122650121E+02  0.3604205353E+02  0.5933968682E+01  0.0000000000E+00
L9 0.0000000000E+00  0.0000000000E+00  0.0000000000E+00  0.0000000000E+00  -.7142475640E+01
L0    46000  0.1840000000E+03  -.1525275892E+05  0.3396211182E+04
L1 0.3046164553E+03  0.3046164553E+03  -.1535075404E+11  0.1000000000E+01
L2 0.1000000000E+01  0.4017604100E+02  0.4377179600E+02  0.4431867800E+02
L3 0.0000000000E+00  0.0000000000E+00  0.0000000000E+00  0.0000000000E+00
L4 0.0000000000E+00  0.0000000000E+00  0.0000000000E+00  0.0000000000E+00
L5 0.0000000000E+00  0.0000000000E+00  0.0000000000E+00  0.0000000000E+00
L6 0.0000000000E+00  -.1864897011E+05  0.2666453012E+04  -.2142330352E+05
L7 0.0000000000E+00  0.1083896688E+02  0.1901885714E+02  0.1852097844E+02
L8 0.1071844600E+02  0.3625807070E+02  0.1252508532E+02  0.0000000000E+00
L9 0.0000000000E+00  0.0000000000E+00  0.0000000000E+00  0.0000000000E+00  -.1087660171E+02
L0    47000  0.1880000000E+03  -.1523696937E+05  0.3303344971E+04
L1 0.2962870039E+03  0.2962870039E+03  -.1534689783E+11  0.1000000000E+01
L2 0.1000000000E+01  0.4017604100E+02  0.4377179600E+02  0.4431867800E+02
L3 0.0000000000E+00  0.0000000000E+00  0.0000000000E+00  0.0000000000E+00
L4 0.0000000000E+00  0.0000000000E+00  0.0000000000E+00  0.0000000000E+00
L5 0.0000000000E+00  0.0000000000E+00  0.0000000000E+00  0.0000000000E+00
L6 0.0000000000E+00  -.1854031434E+05  0.2546586372E+04  -.2121193259E+05
L7 0.0000000000E+00  0.2275986861E+02  0.2330968348E+02  0.1556650902E+02
L8 0.1212159346E+02  0.3733832836E+02  0.1393590029E+02  0.0000000000E+00
L9 0.0000000000E+00  0.0000000000E+00  0.0000000000E+00  0.0000000000E+00  -.1476489379E+01
L0    48000  0.1920000000E+03  -.1524014119E+05  0.3411656738E+04
L1 0.3060018140E+03  0.3060018140E+03  -.1534850301E+11  0.1000000000E+01
L2 0.1000000000E+01  0.4017604100E+02  0.4377179600E+02  0.4431867800E+02
L3 0.0000000000E+00  0.0000000000E+00  0.0000000000E+00  0.0000000000E+00
L4 0.0000000000E+00  0.0000000000E+00  0.0000000000E+00  0.0000000000E+00
L5 0.0000000000E+00  0.0000000000E+00  0.0000000000E+00  0.0000000000E+00
L6 0.0000000000E+00  -.1865179793E+05  0.2677315932E+04  -.2144721838E+05
L7 0.0000000000E+00  0.2490420446E+02  0.2423914746E+02  0.1156630304E+02
L8 0.1179498492E+02  0.3781302171E+02  0.7786851862E+01  0.0000000000E+00
L9 0.0000000000E+00  0.0000000000E+00  0.0000000000E+00  0.0000000000E+00  0.1041123067E+02
L0    49000  0.1960000000E+03  -.1520448533E+05  0.3432948730E+04
L1 0.3079115572E+03  0.3079115572E+03  -.1531338328E+11  0.1000000000E+01
L2 0.1000000000E+01  0.4017604100E+02  0.4377179600E+02  0.4431867800E+02
L3 0.0000000000E+00  0.0000000000E+00  0.0000000000E+00  0.0000000000E+00
L4 0.0000000000E+00  0.0000000000E+00  0.0000000000E+00  0.0000000000E+00
L5 0.0000000000E+00  0.0000000000E+00  0.0000000000E+00  0.0000000000E+00
L6 0.0000000000E+00  -.1863743406E+05  0.2741217609E+04  -.2149119682E+05
L7 0.0000000000E+00  0.1410499303E+02  0.2009726483E+02  0.1229119498E+02
L8 0.1098367995E+02  0.3609867556E+02  0.1896934500E+02  0.0000000000E+00
L9 0.0000000000E+00  0.0000000000E+00  0.0000000000E+00  0.0000000000E+00  -.1690006499E+02
L0    50000  0.2000000000E+03  -.1524911518E+05  0.3418282715E+04
L1 0.3065961178E+03  0.3065961178E+03  -.1535184711E+11  0.1000000000E+01
L2 0.1000000000E+01  0.4017604100E+02  0.4377179600E+02  0.4431867800E+02
L3 0.0000000000E+00  0.0000000000E+00  0.0000000000E+00  0.0000000000E+00
L4 0.0000000000E+00  0.0000000000E+00  0.0000000000E+00  0.0000000000E+00
L5 0.0000000000E+00  0.0000000000E+00  0.0000000000E+00  0.0000000000E+00
L6 0.0000000000E+00  -.1866739789E+05  0.2634509355E+04  -.2142508486E+05
L7 0.0000000000E+00  0.1763593628E+02  0.1973972856E+02  0.2195339021E+02
L8 0.1069646875E+02  0.3455514067E+02  0.1859694678E+02  0.0000000000E+00
L9 0.0000000000E+00  0.0000000000E+00  0.0000000000E+00  0.0000000000E+00  -.6242372513E+01
