L0  Nsteps           time(ps)         Etot             EKinetic        
L1  Temp             T_solute         T_solv           Pres_scal_solu  
L2  Pres_scal_solv   BoxX             BoxY             BoxZ            
L3  volume           pres_X           pres_Y           pres_Z          
L4  Pressure         EKCoM_x          EKCoM_y          EKCoM_z         
L5  EKComTot         VIRIAL_x         VIRIAL_y         VIRIAL_z        
L6  VIRIAL_tot       E_pot            E_vdw            E_el            
L7  E_hbon           E_bon            E_angle          E_dih           
L8  E_14vdw          E_14el           E_const          E_pol           
L9  AV_permMoment    AV_indMoment     AV_totMoment     Density          dV/dlambda      
L0     1000  0.4000000000E+01  -.1465969445E+06  0.8991548828E+04
L1 0.1095475412E+03  0.1095475412E+03  -.1468814933E+12  0.1000000000E+01
L2 0.1000000000E+01  0.6718535900E+02  0.6254614500E+02  0.1197546870E+03
L3 0.0000000000E+00  0.0000000000E+00  0.0000000000E+00  0.0000000000E+00
L4 0.0000000000E+00  0.0000000000E+00  0.0000000000E+00  0.0000000000E+00
L5 0.0000000000E+00  0.0000000000E+00  0.0000000000E+00  0.0000000000E+00
L6 0.0000000000E+00  -.1555884933E+06  0.2661388964E+05  -.1898939238E+06
L7 0.0000000000E+00  0.1261811422E+03  0.4237069332E+03  0.1255182464E+04
L8 0.3858632703E+03  0.5493780641E+04  0.6826441296E+01  0.0000000000E+00
L9 0.0000000000E+00  0.0000000000E+00  0.0000000000E+00  0.0000000000E+00  -.4365866764E+01
L0     2000  0.8000000000E+01  -.1542482325E+06  0.6026925781E+04
L1 0.7342838402E+02  0.7342838402E+02  -.1544530699E+12  0.1000000000E+01
L2 0.1000000000E+01  0.6718535900E+02  0.6254614500E+02  0.1197546870E+03
L3 0.0000000000E+00  0.0000000000E+00  0.0000000000E+00  0.0000000000E+00
L4 0.0000000000E+00  0.0000000000E+00  0.0000000000E+00  0.0000000000E+00
L5 0.0000000000E+00  0.0000000000E+00  0.0000000000E+00  0.0000000000E+00
L6 0.0000000000E+00  -.1602751582E+06  0.2867648868E+05  -.1965447017E+06
L7 0.0000000000E+00  0.1069533810E+03  0.3959848584E+03  0.1242562115E+04
L8 0.3833094989E+03  0.5455999143E+04  0.8245747618E+01  0.0000000000E+00
L9 0.0000000000E+00  0.0000000000E+00  0.0000000000E+00  0.0000000000E+00  -.4546887032E+01
L0     3000  0.1200000000E+02  -.1546141601E+06  0.6007127930E+04
L1 0.7318717909E+02  0.7318717909E+02  -.1548287021E+12  0.1000000000E+01
L2 0.1000000000E+01  0.6718535900E+02  0.6254614500E+02  0.1197546870E+03
L3 0.0000000000E+00  0.0000000000E+00  0.0000000000E+00  0.0000000000E+00
L4 0.0000000000E+00  0.0000000000E+00  0.0000000000E+00  0.0000000000E+00
L5 0.0000000000E+00  0.0000000000E+00  0.0000000000E+00  0.0000000000E+00
L6 0.0000000000E+00  -.1606212880E+06  0.2881771746E+05  -.1970779413E+06
L7 0.0000000000E+00  0.1160429962E+03  0.4090524793E+03  0.1246685191E+04
L8 0.3833414221E+03  0.5467281082E+04  0.1653261086E+02  0.0000000000E+00
L9 0.0000000000E+00  0.0000000000E+00  0.0000000000E+00  0.0000000000E+00  -.1301927466E+02
L0     4000  0.1600000000E+02  -.1535859211E+06  0.6533797363E+04
L1 0.7960379791E+02  0.7960379791E+02  -.1538373693E+12  0.1000000000E+01
L2 0.1000000000E+01  0.6718535900E+02  0.6254614500E+02  0.1197546870E+03
L3 0.0000000000E+00  0.0000000000E+00  0.0000000000E+00  0.0000000000E+00
L4 0.0000000000E+00  0.0000000000E+00  0.0000000000E+00  0.0000000000E+00
L5 0.0000000000E+00  0.0000000000E+00  0.0000000000E+00  0.0000000000E+00
L6 0.0000000000E+00  -.1601197185E+06  0.2863773462E+05  -.1964480644E+06
L7 0.0000000000E+00  0.1186189851E+03  0.4211349321E+03  0.1256621003E+04
L8 0.3897460899E+03  0.5488587928E+04  0.1590241166E+02  0.0000000000E+00
L9 0.0000000000E+00  0.0000000000E+00  0.0000000000E+00  0.0000000000E+00  -.1167570966E+02
L0     5000  0.2000000000E+02  -.1522571760E+06  0.7231773438E+04
L1 0.8810751226E+02  0.8810751226E+02  -.1525357659E+12  0.1000000000E+01
L2 0.1000000000E+01  0.6718535900E+02  0.6254614500E+02  0.1197546870E+03
L3 0.0000000000E+00  0.0000000000E+00  0.0000000000E+00  0.0000000000E+00
L4 0.0000000000E+00  0.0000000000E+00  0.0000000000E+00  0.0000000000E+00
L5 0.0000000000E+00  0.0000000000E+00  0.0000000000E+00  0.0000000000E+00
L6 0.0000000000E+00  -.1594889495E+06  0.2850094086E+05  -.1957434565E+06
L7 0.0000000000E+00  0.1581735585E+03  0.4679423780E+03  0.1256281227E+04
L8 0.3881933085E+03  0.5465364885E+04  0.1761084729E+02  0.0000000000E+00
L9 0.0000000000E+00  0.0000000000E+00  0.0000000000E+00  0.0000000000E+00  -.1385554103E+02
L0     6000  0.2400000000E+02  -.1509451562E+06  0.7959530762E+04
L1 0.9697406317E+02  0.9697406317E+02  -.1512402929E+12  0.1000000000E+01
L2 0.1000000000E+01  0.6718535900E+02  0.6254614500E+02  0.1197546870E+03
L3 0.0000000000E+00  0.0000000000E+00  0.0000000000E+00  0.0000000000E+00
L4 0.0000000000E+00  0.0000000000E+00  0.0000000000E+00  0.0000000000E+00
L5 0.0000000000E+00  0.0000000000E+00  0.0000000000E+00  0.0000000000E+00
L6 0.0000000000E+00  -.1589046869E+06  0.2834949473E+05  -.1950575392E+06
L7 0.0000000000E+00  0.1516224267E+03  0.4850560715E+03  0.1267489017E+04
L8 0.3973225503E+03  0.5487007686E+04  0.1485974640E+02  0.0000000000E+00
L9 0.0000000000E+00  0.0000000000E+00  0.0000000000E+00  0.0000000000E+00  -.8633433889E+01
L0     7000  0.2800000000E+02  -.1496193766E+06  0.8563227539E+04
L1 0.1043291361E+03  0.1043291361E+03  -.1499561529E+12  0.1000000000E+01
L2 0.1000000000E+01  0.6718535900E+02  0.6254614500E+02  0.1197546870E+03
L3 0.0000000000E+00  0.0000000000E+00  0.0000000000E+00  0.0000000000E+00
L4 0.0000000000E+00  0.0000000000E+00  0.0000000000E+00  0.0000000000E+00
L5 0.0000000000E+00  0.0000000000E+00  0.0000000000E+00  0.0000000000E+00
L6 0.0000000000E+00  -.1581826041E+06  0.2819846474E+05  -.1942406745E+06
L7 0.0000000000E+00  0.1763259321E+03  0.5425884071E+03  0.1263020053E+04
L8 0.3900062194E+03  0.5468386204E+04  0.1927887344E+02  0.0000000000E+00
L9 0.0000000000E+00  0.0000000000E+00  0.0000000000E+00  0.0000000000E+00  -.1427196364E+02
L0     8000  0.3200000000E+02  -.1482584810E+06  0.9298621094E+04
L1 0.1132887222E+03  0.1132887222E+03  -.1486099097E+12  0.1000000000E+01
L2 0.1000000000E+01  0.6718535900E+02  0.6254614500E+02  0.1197546870E+03
L3 0.0000000000E+00  0.0000000000E+00  0.0000000000E+00  0.0000000000E+00
L4 0.0000000000E+00  0.0000000000E+00  0.0000000000E+00  0.0000000000E+00
L5 0.0000000000E+00  0.0000000000E+00  0.0000000000E+00  0.0000000000E+00
L6 0.0000000000E+00  -.1575571021E+06  0.2795415470E+05  -.1934346766E+06
L7 0.0000000000E+00  0.1704440703E+03  0.5367130227E+03  0.1297974124E+04
L8 0.4059081683E+03  0.5484785148E+04  0.2759529857E+02  0.0000000000E+00
L9 0.0000000000E+00  0.0000000000E+00  0.0000000000E+00  0.0000000000E+00  -.2594700187E+02
L0     9000  0.3600000000E+02  -.1468934056E+06  0.1000741309E+05
L1 0.1219242111E+03  0.1219242111E+03  -.1472733050E+12  0.1000000000E+01
L2 0.1000000000E+01  0.6718535900E+02  0.6254614500E+02  0.1197546870E+03
L3 0.0000000000E+00  0.0000000000E+00  0.0000000000E+00  0.0000000000E+00
L4 0.0000000000E+00  0.0000000000E+00  0.0000000000E+00  0.0000000000E+00
L5 0.0000000000E+00  0.0000000000E+00  0.0000000000E+00  0.0000000000E+00
L6 0.0000000000E+00  -.1569008187E+06  0.2746890204E+05  -.1923386036E+06
L7 0.0000000000E+00  0.2005380054E+03  0.6022624927E+03  0.1302721648E+04
L8 0.3961397072E+03  0.5451071135E+04  0.1614994755E+02  0.0000000000E+00
L9 0.0000000000E+00  0.0000000000E+00  0.0000000000E+00  0.0000000000E+00  -.1361087479E+02
L0    10000  0.4000000000E+02  -.1455006086E+06  0.1064919336E+05
L1 0.1297432701E+03  0.1297432701E+03  -.1459013009E+12  0.1000000000E+01
L2 0.1000000000E+01  0.6718535900E+02  0.6254614500E+02  0.1197546870E+03
L3 0.0000000000E+00  0.0000000000E+00  0.0000000000E+00  0.0000000000E+00
L4 0.0000000000E+00  0.0000000000E+00  0.0000000000E+00  0.0000000000E+00
L5 0.0000000000E+00  0.0000000000E+00  0.0000000000E+00  0.0000000000E+00
L6 0.0000000000E+00  -.1561498019E+06  0.2729393915E+05  -.1914250444E+06
L7 0.0000000000E+00  0.2119828205E+03  0.5816674839E+03  0.1292812068E+04
L8 0.4002883216E+03  0.5480889929E+04  0.1366275783E+02  0.0000000000E+00
L9 0.0000000000E+00  0.0000000000E+00  0.0000000000E+00  0.0000000000E+00  -.1381987814E+02
L0    11000  0.4400000000E+02  -.1440488494E+06  0.1129878711E+05
L1 0.1376575237E+03  0.1376575237E+03  -.1444723064E+12  0.1000000000E+01
L2 0.1000000000E+01  0.6718535900E+02  0.6254614500E+02  0.1197546870E+03
L3 0.0000000000E+00  0.0000000000E+00  0.0000000000E+00  0.0000000000E+00
L4 0.0000000000E+00  0.0000000000E+00  0.0000000000E+00  0.0000000000E+00
L5 0.0000000000E+00  0.0000000000E+00  0.0000000000E+00  0.0000000000E+00
L6 0.0000000000E+00  -.1553476365E+06  0.2704806068E+05  -.1904413116E+06
L7 0.0000000000E+00  0.2225840204E+03  0.6239014809E+03  0.1298628962E+04
L8 0.3923390527E+03  0.5492565051E+04  0.1559586644E+02  0.0000000000E+00
L9 0.0000000000E+00  0.0000000000E+00  0.0000000000E+00  0.0000000000E+00  -.1427512401E+02
L0    12000  0.4800000000E+02  -.1426357462E+06  0.1189821289E+05
L1 0.1449605615E+03  0.1449605615E+03  -.1430883361E+12  0.1000000000E+01
L2 0.1000000000E+01  0.6718535900E+02  0.6254614500E+02  0.1197546870E+03
L3 0.0000000000E+00  0.0000000000E+00  0.0000000000E+00  0.0000000000E+00
L4 0.0000000000E+00  0.0000000000E+00  0.0000000000E+00  0.0000000000E+00
L5 0.0000000000E+00  0.0000000000E+00  0.0000000000E+00  0.0000000000E+00
L6 0.0000000000E+00  -.1545339591E+06  0.2689764061E+05  -.1895044457E+06
L7 0.0000000000E+00  0.2142820222E+03  0.6524388402E+03  0.1291623262E+04
L8 0.4052231309E+03  0.5495138171E+04  0.1414055282E+02  0.0000000000E+00
L9 0.0000000000E+00  0.0000000000E+00  0.0000000000E+00  0.0000000000E+00  -.1153424586E+02
L0    13000  0.5200000000E+02  -.1412356992E+06  0.1266620801E+05
L1 0.1543173451E+03  0.1543173451E+03  -.1417139169E+12  0.1000000000E+01
L2 0.1000000000E+01  0.6718535900E+02  0.6254614500E+02  0.1197546870E+03
L3 0.0000000000E+00  0.0000000000E+00  0.0000000000E+00  0.0000000000E+00
L4 0.0000000000E+00  0.0000000000E+00  0.0000000000E+00  0.0000000000E+00
L5 0.0000000000E+00  0.0000000000E+00  0.0000000000E+00  0.0000000000E+00
L6 0.0000000000E+00  -.1539019072E+06  0.2674228820E+05  -.1887093110E+06
L7 0.0000000000E+00  0.2393751927E+03  0.6759396193E+03  0.1300391224E+04
L8 0.3908420832E+03  0.5442451980E+04  0.1611550453E+02  0.0000000000E+00
L9 0.0000000000E+00  0.0000000000E+00  0.0000000000E+00  0.0000000000E+00  -.1367074211E+02
L0    14000  0.5600000000E+02  -.1397563596E+06  0.1328159570E+05
L1 0.1618148531E+03  0.1618148531E+03  -.1402672912E+12  0.1000000000E+01
L2 0.1000000000E+01  0.6718535900E+02  0.6254614500E+02  0.1197546870E+03
L3 0.0000000000E+00  0.0000000000E+00  0.0000000000E+00  0.0000000000E+00
L4 0.0000000000E+00  0.0000000000E+00  0.0000000000E+00  0.0000000000E+00
L5 0.0000000000E+00  0.0000000000E+00  0.0000000000E+00  0.0000000000E+00
L6 0.0000000000E+00  -.1530379553E+06  0.2629253280E+05  -.1874858926E+06
L7 0.0000000000E+00  0.2499772120E+03  0.6832710182E+03  0.1312872483E+04
L8 0.4053635920E+03  0.5478012114E+04  0.2590812195E+02  0.0000000000E+00
L9 0.0000000000E+00  0.0000000000E+00  0.0000000000E+00  0.0000000000E+00  -.1709745102E+02
L0    15000  0.6000000000E+02  -.1382077292E+06  0.1395977344E+05
L1 0.1700773565E+03  0.1700773565E+03  -.1387298337E+12  0.1000000000E+01
L2 0.1000000000E+01  0.6718535900E+02  0.6254614500E+02  0.1197546870E+03
L3 0.0000000000E+00  0.0000000000E+00  0.0000000000E+00  0.0000000000E+00
L4 0.0000000000E+00  0.0000000000E+00  0.0000000000E+00  0.0000000000E+00
L5 0.0000000000E+00  0.0000000000E+00  0.0000000000E+00  0.0000000000E+00
L6 0.0000000000E+00  -.1521675027E+06  0.2573019650E+05  -.1860731243E+06
L7 0.0000000000E+00  0.2695670728E+03  0.7136695789E+03  0.1314259866E+04
L8 0.4032465867E+03  0.5446175027E+04  0.2850697258E+02  0.0000000000E+00
L9 0.0000000000E+00  0.0000000000E+00  0.0000000000E+00  0.0000000000E+00  -.2439021332E+02
L0    16000  0.6400000000E+02  -.1366267571E+06  0.1461068555E+05
L1 0.1780076723E+03  0.1780076723E+03  -.1371776106E+12  0.1000000000E+01
L2 0.1000000000E+01  0.6718535900E+02  0.6254614500E+02  0.1197546870E+03
L3 0.0000000000E+00  0.0000000000E+00  0.0000000000E+00  0.0000000000E+00
L4 0.0000000000E+00  0.0000000000E+00  0.0000000000E+00  0.0000000000E+00
L5 0.0000000000E+00  0.0000000000E+00  0.0000000000E+00  0.0000000000E+00
L6 0.0000000000E+00  -.1512374426E+06  0.2521670619E+05  -.1846764938E+06
L7 0.0000000000E+00  0.2625470159E+03  0.7201923453E+03  0.1312068353E+04
L8 0.4176633445E+03  0.5480806297E+04  0.2906760424E+02  0.0000000000E+00
L9 0.0000000000E+00  0.0000000000E+00  0.0000000000E+00  0.0000000000E+00  -.2468383950E+02
L0    17000  0.6800000000E+02  -.1349835871E+06  0.1536629395E+05
L1 0.1872135437E+03  0.1872135437E+03  -.1355360939E+12  0.1000000000E+01
L2 0.1000000000E+01  0.6718535900E+02  0.6254614500E+02  0.1197546870E+03
L3 0.0000000000E+00  0.0000000000E+00  0.0000000000E+00  0.0000000000E+00
L4 0.0000000000E+00  0.0000000000E+00  0.0000000000E+00  0.0000000000E+00
L5 0.0000000000E+00  0.0000000000E+00  0.0000000000E+00  0.0000000000E+00
L6 0.0000000000E+00  -.1503498810E+06  0.2524023715E+05  -.1838131900E+06
L7 0.0000000000E+00  0.2591281915E+03  0.7619422668E+03  0.1302438511E+04
L8 0.4203038624E+03  0.5456932716E+04  0.2232629187E+02  0.0000000000E+00
L9 0.0000000000E+00  0.0000000000E+00  0.0000000000E+00  0.0000000000E+00  -.1873042489E+02
L0    18000  0.7200000000E+02  -.1331478324E+06  0.1589395117E+05
L1 0.1936421971E+03  0.1936421971E+03  -.1337278588E+12  0.1000000000E+01
L2 0.1000000000E+01  0.6718535900E+02  0.6254614500E+02  0.1197546870E+03
L3 0.0000000000E+00  0.0000000000E+00  0.0000000000E+00  0.0000000000E+00
L4 0.0000000000E+00  0.0000000000E+00  0.0000000000E+00  0.0000000000E+00
L5 0.0000000000E+00  0.0000000000E+00  0.0000000000E+00  0.0000000000E+00
L6 0.0000000000E+00  -.1490417836E+06  0.2491161813E+05  -.1822268790E+06
L7 0.0000000000E+00  0.2887376862E+03  0.7491061727E+03  0.1320873819E+04
L8 0.4144577783E+03  0.5476441447E+04  0.2386040839E+02  0.0000000000E+00
L9 0.0000000000E+00  0.0000000000E+00  0.0000000000E+00  0.0000000000E+00  -.1887168053E+02
L0    19000  0.7600000000E+02  -.1312722486E+06  0.1659596875E+05
L1 0.2021951507E+03  0.2021951507E+03  -.1318622935E+12  0.1000000000E+01
L2 0.1000000000E+01  0.6718535900E+02  0.6254614500E+02  0.1197546870E+03
L3 0.0000000000E+00  0.0000000000E+00  0.0000000000E+00  0.0000000000E+00
L4 0.0000000000E+00  0.0000000000E+00  0.0000000000E+00  0.0000000000E+00
L5 0.0000000000E+00  0.0000000000E+00  0.0000000000E+00  0.0000000000E+00
L6 0.0000000000E+00  -.1478682174E+06  0.2416057438E+05  -.1803631694E+06
L7 0.0000000000E+00  0.2784765971E+03  0.8179514648E+03  0.1327192409E+04
L8 0.4123197476E+03  0.5479287872E+04  0.1914955349E+02  0.0000000000E+00
L9 0.0000000000E+00  0.0000000000E+00  0.0000000000E+00  0.0000000000E+00  -.1469963910E+02
L0    20000  0.8000000000E+02  -.1293221630E+06  0.1725419531E+05
L1 0.2102145813E+03  0.2102145813E+03  -.1299359950E+12  0.1000000000E+01
L2 0.1000000000E+01  0.6718535900E+02  0.6254614500E+02  0.1197546870E+03
L3 0.0000000000E+00  0.0000000000E+00  0.0000000000E+00  0.0000000000E+00
L4 0.0000000000E+00  0.0000000000E+00  0.0000000000E+00  0.0000000000E+00
L5 0.0000000000E+00  0.0000000000E+00  0.0000000000E+00  0.0000000000E+00
L6 0.0000000000E+00  -.1465763583E+06  0.2357988652E+05  -.1785071227E+06
L7 0.0000000000E+00  0.2918056736E+03  0.7937551956E+03  0.1342104772E+04
L8 0.4093974013E+03  0.5488288867E+04  0.2552592542E+02  0.0000000000E+00
L9 0.0000000000E+00  0.0000000000E+00  0.0000000000E+00  0.0000000000E+00  -.1585992147E+02
L0    21000  0.8400000000E+02  -.1272426322E+06  0.1791635938E+05
L1 0.2182819839E+03  0.2182819839E+03  -.1278662435E+12  0.1000000000E+01
L2 0.1000000000E+01  0.6718535900E+02  0.6254614500E+02  0.1197546870E+03
L3 0.0000000000E+00  0.0000000000E+00  0.0000000000E+00  0.0000000000E+00
L4 0.0000000000E+00  0.0000000000E+00  0.0000000000E+00  0.0000000000E+00
L5 0.0000000000E+00  0.0000000000E+00  0.0000000000E+00  0.0000000000E+00
L6 0.0000000000E+00  -.1451589916E+06  0.2310665439E+05  -.1766712497E+06
L7 0.0000000000E+00  0.3112582322E+03  0.8480405243E+03  0.1337081145E+04
L8 0.4068577993E+03  0.5487398717E+04  0.1496733044E+02  0.0000000000E+00
L9 0.0000000000E+00  0.0000000000E+00  0.0000000000E+00  0.0000000000E+00  -.9475428812E+01
L0    22000  0.8800000000E+02  -.1249585887E+06  0.1845681250E+05
L1 0.2248665348E+03  0.2248665348E+03  -.1256181766E+12  0.1000000000E+01
L2 0.1000000000E+01  0.6718535900E+02  0.6254614500E+02  0.1197546870E+03
L3 0.0000000000E+00  0.0000000000E+00  0.0000000000E+00  0.0000000000E+00
L4 0.0000000000E+00  0.0000000000E+00  0.0000000000E+00  0.0000000000E+00
L5 0.0000000000E+00  0.0000000000E+00  0.0000000000E+00  0.0000000000E+00
L6 0.0000000000E+00  -.1434154012E+06  0.2213548501E+05  -.1739818720E+06
L7 0.0000000000E+00  0.3265221113E+03  0.8551150190E+03  0.1350873697E+04
L8 0.4120037077E+03  0.5469655408E+04  0.1681588104E+02  0.0000000000E+00
L9 0.0000000000E+00  0.0000000000E+00  0.0000000000E+00  0.0000000000E+00  -.7982283015E+01
L0    23000  0.9200000000E+02  -.1226724670E+06  0.1908346484E+05
L1 0.2325012844E+03  0.2325012844E+03  -.1233340823E+12  0.1000000000E+01
L2 0.1000000000E+01  0.6718535900E+02  0.6254614500E+02  0.1197546870E+03
L3 0.0000000000E+00  0.0000000000E+00  0.0000000000E+00  0.0000000000E+00
L4 0.0000000000E+00  0.0000000000E+00  0.0000000000E+00  0.0000000000E+00
L5 0.0000000000E+00  0.0000000000E+00  0.0000000000E+00  0.0000000000E+00
L6 0.0000000000E+00  -.1417559319E+06  0.2152953803E+05  -.1717171573E+06
L7 0.0000000000E+00  0.3458462714E+03  0.8853159471E+03  0.1341323243E+04
L8 0.4018159350E+03  0.5435223851E+04  0.2216217770E+02  0.0000000000E+00
L9 0.0000000000E+00  0.0000000000E+00  0.0000000000E+00  0.0000000000E+00  -.1341887320E+02
L0    24000  0.9600000000E+02  -.1202896554E+06  0.1984945508E+05
L1 0.2418336417E+03  0.2418336417E+03  -.1209774640E+12  0.1000000000E+01
L2 0.1000000000E+01  0.6718535900E+02  0.6254614500E+02  0.1197546870E+03
L3 0.0000000000E+00  0.0000000000E+00  0.0000000000E+00  0.0000000000E+00
L4 0.0000000000E+00  0.0000000000E+00  0.0000000000E+00  0.0000000000E+00
L5 0.0000000000E+00  0.0000000000E+00  0.0000000000E+00  0.0000000000E+00
L6 0.0000000000E+00  -.1401391104E+06  0.2098043472E+05  -.1695891767E+06
L7 0.0000000000E+00  0.3599121800E+03  0.8943593744E+03  0.1352838495E+04
L8 0.4090496395E+03  0.5431012306E+04  0.2245955159E+02  0.0000000000E+00
L9 0.0000000000E+00  0.0000000000E+00  0.0000000000E+00  0.0000000000E+00  -.2139359147E+02
L0    25000  0.1000000000E+03  -.1180517204E+06  0.2069036328E+05
L1 0.2520787539E+03  0.2520787539E+03  -.1187416950E+12  0.1000000000E+01
L2 0.1000000000E+01  0.6718535900E+02  0.6254614500E+02  0.1197546870E+03
L3 0.0000000000E+00  0.0000000000E+00  0.0000000000E+00  0.0000000000E+00
L4 0.0000000000E+00  0.0000000000E+00  0.0000000000E+00  0.0000000000E+00
L5 0.0000000000E+00  0.0000000000E+00  0.0000000000E+00  0.0000000000E+00
L6 0.0000000000E+00  -.1387420837E+06  0.2022262165E+05  -.1675073972E+06
L7 0.0000000000E+00  0.3441017574E+03  0.9396096629E+03  0.1351130304E+04
L8 0.4195416822E+03  0.5471220346E+04  0.1708804615E+02  0.0000000000E+00
L9 0.0000000000E+00  0.0000000000E+00  0.0000000000E+00  0.0000000000E+00  -.1469121641E+02
L0    26000  0.1040000000E+03  -.1158953974E+06  0.2130509766E+05
L1 0.2595683022E+03  0.2595683022E+03  -.1165820673E+12  0.1000000000E+01
L2 0.1000000000E+01  0.6718535900E+02  0.6254614500E+02  0.1197546870E+03
L3 0.0000000000E+00  0.0000000000E+00  0.0000000000E+00  0.0000000000E+00
L4 0.0000000000E+00  0.0000000000E+00  0.0000000000E+00  0.0000000000E+00
L5 0.0000000000E+00  0.0000000000E+00  0.0000000000E+00  0.0000000000E+00
L6 0.0000000000E+00  -.1372004951E+06  0.1969413759E+05  -.1653981733E+06
L7 0.0000000000E+00  0.3288511575E+03  0.9302648518E+03  0.1375637280E+04
L8 0.4062021774E+03  0.5443976229E+04  0.1860895498E+02  0.0000000000E+00
L9 0.0000000000E+00  0.0000000000E+00  0.0000000000E+00  0.0000000000E+00  -.1072940738E+02
L0    27000  0.1080000000E+03  -.1135278237E+06  0.2182915039E+05
L1 0.2659530407E+03  0.2659530407E+03  -.1142402299E+12  0.1000000000E+01
L2 0.1000000000E+01  0.6718535900E+02  0.6254614500E+02  0.1197546870E+03
L3 0.0000000000E+00  0.0000000000E+00  0.0000000000E+00  0.0000000000E+00
L4 0.0000000000E+00  0.0000000000E+00  0.0000000000E+00  0.0000000000E+00
L5 0.0000000000E+00  0.0000000000E+00  0.0000000000E+00  0.0000000000E+00
L6 0.0000000000E+00  -.1353569741E+06  0.1896146177E+05  -.1628960730E+06
L7 0.0000000000E+00  0.3539225669E+03  0.9581750496E+03  0.1359991504E+04
L8 0.4196122333E+03  0.5468508969E+04  0.1742684725E+02  0.0000000000E+00
L9 0.0000000000E+00  0.0000000000E+00  0.0000000000E+00  0.0000000000E+00  -.1551242575E+02
L0    28000  0.1120000000E+03  -.1113156547E+06  0.2263276758E+05
L1 0.2757438219E+03  0.2757438219E+03  -.1120397679E+12  0.1000000000E+01
L2 0.1000000000E+01  0.6718535900E+02  0.6254614500E+02  0.1197546870E+03
L3 0.0000000000E+00  0.0000000000E+00  0.0000000000E+00  0.0000000000E+00
L4 0.0000000000E+00  0.0000000000E+00  0.0000000000E+00  0.0000000000E+00
L5 0.0000000000E+00  0.0000000000E+00  0.0000000000E+00  0.0000000000E+00
L6 0.0000000000E+00  -.1339484222E+06  0.1846491559E+05  -.1610059749E+06
L7 0.0000000000E+00  0.3664301518E+03  0.9277311366E+03  0.1367284488E+04
L8 0.4197480782E+03  0.5482969702E+04  0.2847356623E+02  0.0000000000E+00
L9 0.0000000000E+00  0.0000000000E+00  0.0000000000E+00  0.0000000000E+00  -.2400481211E+02
L0    29000  0.1160000000E+03  -.1091099428E+06  0.2329041406E+05
L1 0.2837561851E+03  0.2837561851E+03  -.1098557768E+12  0.1000000000E+01
L2 0.1000000000E+01  0.6718535900E+02  0.6254614500E+02  0.1197546870E+03
L3 0.0000000000E+00  0.0000000000E+00  0.0000000000E+00  0.0000000000E+00
L4 0.0000000000E+00  0.0000000000E+00  0.0000000000E+00  0.0000000000E+00
L5 0.0000000000E+00  0.0000000000E+00  0.0000000000E+00  0.0000000000E+00
L6 0.0000000000E+00  -.1324003568E+06  0.1827998328E+05  -.1592632785E+06
L7 0.0000000000E+00  0.3750785809E+03  0.9735961581E+03  0.1357877217E+04
L8 0.4150573108E+03  0.5435110233E+04  0.2621883886E+02  0.0000000000E+00
L9 0.0000000000E+00  0.0000000000E+00  0.0000000000E+00  0.0000000000E+00  -.2127134879E+02
L0    30000  0.1200000000E+03  -.1068289071E+06  0.2392578906E+05
L1 0.2914972062E+03  0.2914972062E+03  -.1075992469E+12  0.1000000000E+01
L2 0.1000000000E+01  0.6718535900E+02  0.6254614500E+02  0.1197546870E+03
L3 0.0000000000E+00  0.0000000000E+00  0.0000000000E+00  0.0000000000E+00
L4 0.0000000000E+00  0.0000000000E+00  0.0000000000E+00  0.0000000000E+00
L5 0.0000000000E+00  0.0000000000E+00  0.0000000000E+00  0.0000000000E+00
L6 0.0000000000E+00  -.1307546961E+06  0.1772677009E+05  -.1571224091E+06
L7 0.0000000000E+00  0.3727427718E+03  0.9948112028E+03  0.1387463360E+04
L8 0.4263209410E+03  0.5426392479E+04  0.3321209277E+02  0.0000000000E+00
L9 0.0000000000E+00  0.0000000000E+00  0.0000000000E+00  0.0000000000E+00  -.2828218643E+02
L0    31000  0.1240000000E+03  -.1054435593E+06  0.2435278711E+05
L1 0.2966994897E+03  0.2966994897E+03  -.1062143093E+12  0.1000000000E+01
L2 0.1000000000E+01  0.6718535900E+02  0.6254614500E+02  0.1197546870E+03
L3 0.0000000000E+00  0.0000000000E+00  0.0000000000E+00  0.0000000000E+00
L4 0.0000000000E+00  0.0000000000E+00  0.0000000000E+00  0.0000000000E+00
L5 0.0000000000E+00  0.0000000000E+00  0.0000000000E+00  0.0000000000E+00
L6 0.0000000000E+00  -.1297963464E+06  0.1737042052E+05  -.1558849988E+06
L7 0.0000000000E+00  0.3786869159E+03  0.1047237659E+04  0.1363917409E+04
L8 0.4422280495E+03  0.5468143223E+04  0.1801861416E+02  0.0000000000E+00
L9 0.0000000000E+00  0.0000000000E+00  0.0000000000E+00  0.0000000000E+00  -.1975291698E+02
L0    32000  0.1280000000E+03  -.1051010240E+06  0.2444689062E+05
L1 0.2978459895E+03  0.2978459895E+03  -.1058699889E+12  0.1000000000E+01
L2 0.1000000000E+01  0.6718535900E+02  0.6254614500E+02  0.1197546870E+03
L3 0.0000000000E+00  0.0000000000E+00  0.0000000000E+00  0.0000000000E+00
L4 0.0000000000E+00  0.0000000000E+00  0.0000000000E+00  0.0000000000E+00
L5 0.0000000000E+00  0.0000000000E+00  0.0000000000E+00  0.0000000000E+00
L6 0.0000000000E+00  -.1295479146E+06  0.1722976110E+05  -.1554535131E+06
L7 0.0000000000E+00  0.3916643619E+03  0.1014760860E+04  0.1397484338E+04
L8 0.4159812937E+03  0.5436360231E+04  0.1958629673E+02  0.0000000000E+00
L9 0.0000000000E+00  0.0000000000E+00  0.0000000000E+00  0.0000000000E+00  -.1760853603E+02
L0    33000  0.1320000000E+03  -.1049462772E+06  0.2471346094E+05
L1 0.3010937194E+03  0.3010937194E+03  -.1057068905E+12  0.1000000000E+01
L2 0.1000000000E+01  0.6718535900E+02  0.6254614500E+02  0.1197546870E+03
L3 0.0000000000E+00  0.0000000000E+00  0.0000000000E+00  0.0000000000E+00
L4 0.0000000000E+00  0.0000000000E+00  0.0000000000E+00  0.0000000000E+00
L5 0.0000000000E+00  0.0000000000E+00  0.0000000000E+00  0.0000000000E+00
L6 0.0000000000E+00  -.1296597381E+06  0.1724858729E+05  -.1555277900E+06
L7 0.0000000000E+00  0.4011825095E+03  0.9656937449E+03  0.1364256165E+04
L8 0.4203640759E+03  0.5444902726E+04  0.2306531627E+02  0.0000000000E+00
L9 0.0000000000E+00  0.0000000000E+00  0.0000000000E+00  0.0000000000E+00  -.2321094322E+02
L0    34000  0.1360000000E+03  -.1050043591E+06  0.2464268945E+05
L1 0.3002314829E+03  0.3002314829E+03  -.1057733298E+12  0.1000000000E+01
L2 0.1000000000E+01  0.6718535900E+02  0.6254614500E+02  0.1197546870E+03
L3 0.0000000000E+00  0.0000000000E+00  0.0000000000E+00  0.0000000000E+00
L4 0.0000000000E+00  0.0000000000E+00  0.0000000000E+00  0.0000000000E+00
L5 0.0000000000E+00  0.0000000000E+00  0.0000000000E+00  0.0000000000E+00
L6 0.0000000000E+00  -.1296470485E+06  0.1723117260E+05  -.1555620116E+06
L7 0.0000000000E+00  0.4104239297E+03  0.1025802617E+04  0.1394983138E+04
L8 0.3998887594E+03  0.5423750372E+04  0.2894167701E+02  0.0000000000E+00
L9 0.0000000000E+00  0.0000000000E+00  0.0000000000E+00  0.0000000000E+00  -.2760196823E+02
L0    35000  0.1400000000E+03  -.1050643244E+06  0.2471044531E+05
L1 0.3010569789E+03  0.3010569789E+03  -.1058353616E+12  0.1000000000E+01
L2 0.1000000000E+01  0.6718535900E+02  0.6254614500E+02  0.1197546870E+03
L3 0.0000000000E+00  0.0000000000E+00  0.0000000000E+00  0.0000000000E+00
L4 0.0000000000E+00  0.0000000000E+00  0.0000000000E+00  0.0000000000E+00
L5 0.0000000000E+00  0.0000000000E+00  0.0000000000E+00  0.0000000000E+00
L6 0.0000000000E+00  -.1297747698E+06  0.1716889791E+05  -.1555855311E+06
L7 0.0000000000E+00  0.4051683781E+03  0.1003329078E+04  0.1374819694E+04
L8 0.4128336394E+03  0.5421128553E+04  0.2458404022E+02  0.0000000000E+00
L9 0.0000000000E+00  0.0000000000E+00  0.0000000000E+00  0.0000000000E+00  -.1912702234E+02
L0    36000  0.1440000000E+03  -.1052878075E+06  0.2456486133E+05
L1 0.2992832725E+03  0.2992832725E+03  -.1060611883E+12  0.1000000000E+01
L2 0.1000000000E+01  0.6718535900E+02  0.6254614500E+02  0.1197546870E+03
L3 0.0000000000E+00  0.0000000000E+00  0.0000000000E+00  0.0000000000E+00
L4 0.0000000000E+00  0.0000000000E+00  0.0000000000E+00  0.0000000000E+00
L5 0.0000000000E+00  0.0000000000E+00  0.0000000000E+00  0.0000000000E+00
L6 0.0000000000E+00  -.1298526688E+06  0.1728191708E+05  -.1557725555E+06
L7 0.0000000000E+00  0.3857335078E+03  0.1037558785E+04  0.1365485095E+04
L8 0.4083462917E+03  0.5424518410E+04  0.1632753134E+02  0.0000000000E+00
L9 0.0000000000E+00  0.0000000000E+00  0.0000000000E+00  0.0000000000E+00  -.1269755335E+02
L0    37000  0.1480000000E+03  -.1051666148E+06  0.2456302539E+05
L1 0.2992609046E+03  0.2992609046E+03  -.1059262574E+12  0.1000000000E+01
L2 0.1000000000E+01  0.6718535900E+02  0.6254614500E+02  0.1197546870E+03
L3 0.0000000000E+00  0.0000000000E+00  0.0000000000E+00  0.0000000000E+00
L4 0.0000000000E+00  0.0000000000E+00  0.0000000000E+00  0.0000000000E+00
L5 0.0000000000E+00  0.0000000000E+00  0.0000000000E+00  0.0000000000E+00
L6 0.0000000000E+00  -.1297296402E+06  0.1710697140E+05  -.1554554548E+06
L7 0.0000000000E+00  0.3685788128E+03  0.9782617833E+03  0.1372687066E+04
L8 0.4214491947E+03  0.5457528450E+04  0.2033793213E+02  0.0000000000E+00
L9 0.0000000000E+00  0.0000000000E+00  0.0000000000E+00  0.0000000000E+00  -.2102427079E+02
L0    38000  0.1520000000E+03  -.1051943013E+06  0.2457633984E+05
L1 0.2994231198E+03  0.2994231198E+03  -.1059468442E+12  0.1000000000E+01
L2 0.1000000000E+01  0.6718535900E+02  0.6254614500E+02  0.1197546870E+03
L3 0.0000000000E+00  0.0000000000E+00  0.0000000000E+00  0.0000000000E+00
L4 0.0000000000E+00  0.0000000000E+00  0.0000000000E+00  0.0000000000E+00
L5 0.0000000000E+00  0.0000000000E+00  0.0000000000E+00  0.0000000000E+00
L6 0.0000000000E+00  -.1297706411E+06  0.1735701505E+05  -.1557547404E+06
L7 0.0000000000E+00  0.3586693044E+03  0.9897136800E+03  0.1377091461E+04
L8 0.4206005846E+03  0.5460620833E+04  0.2038835144E+02  0.0000000000E+00
L9 0.0000000000E+00  0.0000000000E+00  0.0000000000E+00  0.0000000000E+00  -.1715973218E+02
L0    39000  0.1560000000E+03  -.1052475214E+06  0.2451351953E+05
L1 0.2986577554E+03  0.2986577554E+03  -.1060176171E+12  0.1000000000E+01
L2 0.1000000000E+01  0.6718535900E+02  0.6254614500E+02  0.1197546870E+03
L3 0.0000000000E+00  0.0000000000E+00  0.0000000000E+00  0.0000000000E+00
L4 0.0000000000E+00  0.0000000000E+00  0.0000000000E+00  0.0000000000E+00
L5 0.0000000000E+00  0.0000000000E+00  0.0000000000E+00  0.0000000000E+00
L6 0.0000000000E+00  -.1297610409E+06  0.1714278711E+05  -.1555340561E+06
L7 0.0000000000E+00  0.4014997341E+03  0.9587522054E+03  0.1355740254E+04
L8 0.4204271129E+03  0.5475724087E+04  0.1808463479E+02  0.0000000000E+00
L9 0.0000000000E+00  0.0000000000E+00  0.0000000000E+00  0.0000000000E+00  -.7544568584E+01
L0    40000  0.1600000000E+03  -.1053253739E+06  0.2463699414E+05
L1 0.3001620947E+03  0.3001620947E+03  -.1060885380E+12  0.1000000000E+01
L2 0.1000000000E+01  0.6718535900E+02  0.6254614500E+02  0.1197546870E+03
L3 0.0000000000E+00  0.0000000000E+00  0.0000000000E+00  0.0000000000E+00
L4 0.0000000000E+00  0.0000000000E+00  0.0000000000E+00  0.0000000000E+00
L5 0.0000000000E+00  0.0000000000E+00  0.0000000000E+00  0.0000000000E+00
L6 0.0000000000E+00  -.1299623680E+06  0.1734669294E+05  -.1559015316E+06
L7 0.0000000000E+00  0.3850515110E+03  0.9981534300E+03  0.1362783968E+04
L8 0.4013219703E+03  0.5429921952E+04  0.1523774836E+02  0.0000000000E+00
L9 0.0000000000E+00  0.0000000000E+00  0.0000000000E+00  0.0000000000E+00  -.1852971515E+02
L0    41000  0.1640000000E+03  -.1053479944E+06  0.2445691797E+05
L1 0.2979681565E+03  0.2979681565E+03  -.1061009826E+12  0.1000000000E+01
L2 0.1000000000E+01  0.6718535900E+02  0.6254614500E+02  0.1197546870E+03
L3 0.0000000000E+00  0.0000000000E+00  0.0000000000E+00  0.0000000000E+00
L4 0.0000000000E+00  0.0000000000E+00  0.0000000000E+00  0.0000000000E+00
L5 0.0000000000E+00  0.0000000000E+00  0.0000000000E+00  0.0000000000E+00
L6 0.0000000000E+00  -.1298049123E+06  0.1734954358E+05  -.1557418260E+06
L7 0.0000000000E+00  0.4087396405E+03  0.9481094460E+03  0.1384966199E+04
L8 0.4065022187E+03  0.5418418740E+04  0.2063380397E+02  0.0000000000E+00
L9 0.0000000000E+00  0.0000000000E+00  0.0000000000E+00  0.0000000000E+00  -.1985519317E+02
L0    42000  0.1680000000E+03  -.1052890320E+06  0.2465982031E+05
L1 0.3004401948E+03  0.3004401948E+03  -.1060591863E+12  0.1000000000E+01
L2 0.1000000000E+01  0.6718535900E+02  0.6254614500E+02  0.1197546870E+03
L3 0.0000000000E+00  0.0000000000E+00  0.0000000000E+00  0.0000000000E+00
L4 0.0000000000E+00  0.0000000000E+00  0.0000000000E+00  0.0000000000E+00
L5 0.0000000000E+00  0.0000000000E+00  0.0000000000E+00  0.0000000000E+00
L6 0.0000000000E+00  -.1299488524E+06  0.1757226668E+05  -.1561822609E+06
L7 0.0000000000E+00  0.4068964486E+03  0.9862547194E+03  0.1371197023E+04
L8 0.4170079588E+03  0.5458617443E+04  0.2116825378E+02  0.0000000000E+00
L9 0.0000000000E+00  0.0000000000E+00  0.0000000000E+00  0.0000000000E+00  -.1661663246E+02
L0    43000  0.1720000000E+03  -.1053873705E+06  0.2464696289E+05
L1 0.3002835478E+03  0.3002835478E+03  -.1061414271E+12  0.1000000000E+01
L2 0.1000000000E+01  0.6718535900E+02  0.6254614500E+02  0.1197546870E+03
L3 0.0000000000E+00  0.0000000000E+00  0.0000000000E+00  0.0000000000E+00
L4 0.0000000000E+00  0.0000000000E+00  0.0000000000E+00  0.0000000000E+00
L5 0.0000000000E+00  0.0000000000E+00  0.0000000000E+00  0.0000000000E+00
L6 0.0000000000E+00  -.1300343334E+06  0.1741529687E+05  -.1560524594E+06
L7 0.0000000000E+00  0.3931399372E+03  0.9697359775E+03  0.1375584197E+04
L8 0.4150515494E+03  0.5433631347E+04  0.1568615442E+02  0.0000000000E+00
L9 0.0000000000E+00  0.0000000000E+00  0.0000000000E+00  0.0000000000E+00  -.1512778351E+02
L0    44000  0.1760000000E+03  -.1054506504E+06  0.2449874805E+05
L1 0.2984777887E+03  0.2984777887E+03  -.1062143809E+12  0.1000000000E+01
L2 0.1000000000E+01  0.6718535900E+02  0.6254614500E+02  0.1197546870E+03
L3 0.0000000000E+00  0.0000000000E+00  0.0000000000E+00  0.0000000000E+00
L4 0.0000000000E+00  0.0000000000E+00  0.0000000000E+00  0.0000000000E+00
L5 0.0000000000E+00  0.0000000000E+00  0.0000000000E+00  0.0000000000E+00
L6 0.0000000000E+00  -.1299493984E+06  0.1715957535E+05  -.1557392198E+06
L7 0.0000000000E+00  0.3851499735E+03  0.9535604209E+03  0.1386309458E+04
L8 0.4336264662E+03  0.5453052378E+04  0.1854734528E+02  0.0000000000E+00
L9 0.0000000000E+00  0.0000000000E+00  0.0000000000E+00  0.0000000000E+00  -.1804652296E+02
L0    45000  0.1800000000E+03  -.1054307799E+06  0.2455026953E+05
L1 0.2991054950E+03  0.2991054950E+03  -.1062038815E+12  0.1000000000E+01
L2 0.1000000000E+01  0.6718535900E+02  0.6254614500E+02  0.1197546870E+03
L3 0.0000000000E+00  0.0000000000E+00  0.0000000000E+00  0.0000000000E+00
L4 0.0000000000E+00  0.0000000000E+00  0.0000000000E+00  0.0000000000E+00
L5 0.0000000000E+00  0.0000000000E+00  0.0000000000E+00  0.0000000000E+00
L6 0.0000000000E+00  -.1299810494E+06  0.1727300691E+05  -.1559059275E+06
L7 0.0000000000E+00  0.4159329318E+03  0.9505738808E+03  0.1368185103E+04
L8 0.4249572148E+03  0.5469988682E+04  0.2223331447E+02  0.0000000000E+00
L9 0.0000000000E+00  0.0000000000E+00  0.0000000000E+00  0.0000000000E+00  -.1737341985E+02
L0    46000  0.1840000000E+03  -.1054361108E+06  0.2450626953E+05
L1 0.2985694258E+03  0.2985694258E+03  -.1061934877E+12  0.1000000000E+01
L2 0.1000000000E+01  0.6718535900E+02  0.6254614500E+02  0.1197546870E+03
L3 0.0000000000E+00  0.0000000000E+00  0.0000000000E+00  0.0000000000E+00
L4 0.0000000000E+00  0.0000000000E+00  0.0000000000E+00  0.0000000000E+00
L5 0.0000000000E+00  0.0000000000E+00  0.0000000000E+00  0.0000000000E+00
L6 0.0000000000E+00  -.1299423803E+06  0.1703955666E+05  -.1556560743E+06
L7 0.0000000000E+00  0.3848430877E+03  0.9749865629E+03  0.1387661429E+04
L8 0.4253143912E+03  0.5478200382E+04  0.2313147570E+02  0.0000000000E+00
L9 0.0000000000E+00  0.0000000000E+00  0.0000000000E+00  0.0000000000E+00  -.1557921123E+02
L0    47000  0.1880000000E+03  -.1053872666E+06  0.2452022266E+05
L1 0.2987394222E+03  0.2987394222E+03  -.1061337764E+12  0.1000000000E+01
L2 0.1000000000E+01  0.6718535900E+02  0.6254614500E+02  0.1197546870E+03
L3 0.0000000000E+00  0.0000000000E+00  0.0000000000E+00  0.0000000000E+00
L4 0.0000000000E+00  0.0000000000E+00  0.0000000000E+00  0.0000000000E+00
L5 0.0000000000E+00  0.0000000000E+00  0.0000000000E+00  0.0000000000E+00
L6 0.0000000000E+00  -.1299074893E+06  0.1702848495E+05  -.1555506920E+06
L7 0.0000000000E+00  0.3671671758E+03  0.9809825021E+03  0.1374075202E+04
L8 0.4160003753E+03  0.5457816814E+04  0.1867566278E+02  0.0000000000E+00
L9 0.0000000000E+00  0.0000000000E+00  0.0000000000E+00  0.0000000000E+00  -.1777528465E+02
L0    48000  0.1920000000E+03  -.1054342717E+06  0.2457001367E+05
L1 0.2993460455E+03  0.2993460455E+03  -.1061963049E+12  0.1000000000E+01
L2 0.1000000000E+01  0.6718535900E+02  0.6254614500E+02  0.1197546870E+03
L3 0.0000000000E+00  0.0000000000E+00  0.0000000000E+00  0.0000000000E+00
L4 0.0000000000E+00  0.0000000000E+00  0.0000000000E+00  0.0000000000E+00
L5 0.0000000000E+00  0.0000000000E+00  0.0000000000E+00  0.0000000000E+00
L6 0.0000000000E+00  -.1300042854E+06  0.1730883909E+05  -.1558913265E+06
L7 0.0000000000E+00  0.3984224608E+03  0.9512787467E+03  0.1359781043E+04
L8 0.4105644168E+03  0.5432786772E+04  0.2536860370E+02  0.0000000000E+00
L9 0.0000000000E+00  0.0000000000E+00  0.0000000000E+00  0.0000000000E+00  -.2268014959E+02
L0    49000  0.1960000000E+03  -.1054444690E+06  0.2447795703E+05
L1 0.2982244836E+03  0.2982244836E+03  -.1061885940E+12  0.1000000000E+01
L2 0.1000000000E+01  0.6718535900E+02  0.6254614500E+02  0.1197546870E+03
L3 0.0000000000E+00  0.0000000000E+00  0.0000000000E+00  0.0000000000E+00
L4 0.0000000000E+00  0.0000000000E+00  0.0000000000E+00  0.0000000000E+00
L5 0.0000000000E+00  0.0000000000E+00  0.0000000000E+00  0.0000000000E+00
L6 0.0000000000E+00  -.1299224261E+06  0.1720454657E+05  -.1557193108E+06
L7 0.0000000000E+00  0.3527570627E+03  0.9612616549E+03  0.1372284112E+04
L8 0.4158643287E+03  0.5473375786E+04  0.1679524956E+02  0.0000000000E+00
L9 0.0000000000E+00  0.0000000000E+00  0.0000000000E+00  0.0000000000E+00  -.1702156705E+02
L0    50000  0.2000000000E+03  -.1054453095E+06  0.2467673633E+05
L1 0.3006462892E+03  0.3006462892E+03  -.1062025829E+12  0.1000000000E+01
L2 0.1000000000E+01  0.6718535900E+02  0.6254614500E+02  0.1197546870E+03
L3 0.0000000000E+00  0.0000000000E+00  0.0000000000E+00  0.0000000000E+00
L4 0.0000000000E+00  0.0000000000E+00  0.0000000000E+00  0.0000000000E+00
L5 0.0000000000E+00  0.0000000000E+00  0.0000000000E+00  0.0000000000E+00
L6 0.0000000000E+00  -.1301220458E+06  0.1705646096E+05  -.1558364006E+06
L7 0.0000000000E+00  0.3673866201E+03  0.9945413010E+03  0.1372807800E+04
L8 0.4304714531E+03  0.5474401636E+04  0.1828499740E+02  0.0000000000E+00
L9 0.0000000000E+00  0.0000000000E+00  0.0000000000E+00  0.0000000000E+00  -.1827569265E+02
